14:53:11.895,     1.00, -616.33, 2221.45,    0.00,    0.00,   0,   0,  98, 0.26
14:53:12.895,     2.00, -616.18, 2221.49,    0.00,    0.00,   0,   0,  98, 0.25
14:53:13.895,     3.00, -616.03, 2221.52,    0.00,    0.00,   0,   0,  98, 0.25
14:53:14.895,     4.00, -615.88, 2221.56,    0.00,    0.00,   0,   0,  98, 0.24
14:53:15.895,     5.00, -615.76, 2221.59,    0.00,    0.00,   0,   0,  98, 0.24
14:53:16.895,     6.00, -615.70, 2221.67,    0.00,    0.00,   0,   0,  98, 0.23
14:53:17.895,     7.00, -615.61, 2221.70,    0.00,    0.00,   0,   0,  98, 0.23
14:53:18.895,     8.00, -615.52, 2221.77,    0.00,    0.00,   0,   0,  98, 0.23
14:53:19.895,     9.00, -615.42, 2221.70,    0.00,    0.00,   0,   0,  98, 0.22
14:53:20.896,    10.00, -615.40, 2221.74,    0.00,    0.00,   0,   0,  98, 0.21
14:53:21.896,    11.00, -615.25, 2221.77,    0.00,    0.00,   0,   0,  98, 0.20
14:53:22.896,    12.00, -615.12, 2221.81,    0.00,    0.00,   0,   0,  98, 0.19
14:53:23.896,    13.00, -615.03, 2221.81,    0.00,    0.00,   0,   0,  98, 0.19
14:53:24.896,    14.00, -614.91, 2221.81,    0.00,    0.00,   0,   0,  98, 0.19
14:53:25.896,    15.00, -614.73, 2221.85,    0.00,    0.00,   0,   0,  98, 0.18
14:53:26.896,    16.00, -614.49, 2221.92,    0.00,    0.00,   0,   0,  98, 0.18
14:53:27.896,    17.00, -614.25, 2221.88,    0.00,    0.00,   0,   0,  98, 0.18
14:53:28.896,    18.00, -614.07, 2221.85,    0.00,    0.00,   0,   0,  98, 0.18
14:53:29.896,    19.00, -613.95, 2221.88,    0.00,    0.00,   0,   0,  98, 0.17
14:53:30.896,    20.00, -613.82, 2221.92,    0.00,    0.00,   0,   0,  98, 0.17
14:53:31.896,    21.00, -613.71, 2221.95,    0.00,    0.00,   0,   0,  98, 0.17
14:53:32.896,    22.00, -613.52, 2221.99,    0.00,    0.00,   0,   0,  98, 0.16
14:53:33.896,    23.00, -613.37, 2221.99,    0.00,    0.00,   0,   0,  98, 0.16
14:53:34.896,    24.00, -613.22, 2222.06,    0.00,    0.00,   0,   0,  98, 0.16
14:53:35.897,    25.00, -613.10, 2222.14,    0.00,    0.00,   0,   0,  98, 0.16
14:53:36.897,    26.00, -612.95, 2222.18,    0.00,    0.00,   0,   0,  98, 0.16
14:53:37.897,    27.00, -612.80, 2222.18,    0.00,    0.00,   0,   0,  98, 0.16
14:53:38.897,    28.00, -612.68, 2222.18,    0.00,    0.00,   0,   0,  98, 0.15
14:53:39.897,    29.00, -612.53, 2222.22,    0.00,    0.00,   0,   0,  98, 0.15
14:53:40.896,    30.00, -612.41, 2222.22,    0.00,    0.00,   0,   0,  98, 0.15
14:53:41.897,    31.00, -612.23, 2222.25,    0.00,    0.00,   0,   0,  98, 0.15
14:53:42.897,    32.00, -612.11, 2222.32,    0.00,    0.00,   0,   0,  98, 0.15
14:53:43.897,    33.00, -611.95, 2222.32,    0.00,    0.00,   0,   0,  98, 0.14
14:53:44.897,    34.00, -611.84, 2222.36,    0.00,    0.00,   0,   0,  98, 0.14
14:53:45.897,    35.00, -611.84, 2222.36,    0.00,    0.00,   0,   0,  98, 0.14
14:53:46.897,    36.00, -611.69, 2222.36,    0.00,    0.00,   0,   0,  98, 0.14
14:53:47.897,    37.00, -611.48, 2222.40,    0.00,    0.00,   0,   0,  98, 0.14
14:53:48.897,    38.00, -611.35, 2222.36,    0.00,    0.00,   0,   0,  98, 0.14
14:53:49.897,    39.00, -611.29, 2222.36,    0.00,    0.00,   0,   0,  98, 0.13
14:53:50.897,    40.00, -611.20, 2222.43,    0.00,    0.00,   0,   0,  98, 0.13
14:53:51.897,    41.00, -611.08, 2222.43,    0.00,    0.00,   0,   0,  98, 0.13
14:53:52.897,    42.00, -610.84, 2222.43,    0.00,    0.00,   0,   0,  98, 0.13
14:53:53.897,    43.00, -610.72, 2222.47,    0.00,    0.00,   0,   0,  98, 0.13
14:53:54.897,    44.00, -610.57, 2222.47,    0.00,    0.00,   0,   0,  98, 0.13
14:53:55.897,    45.00, -610.48, 2222.47,    0.00,    0.00,   0,   0,  98, 0.12
14:53:56.897,    46.00, -610.35, 2222.47,    0.00,    0.00,   0,   0,  98, 0.12
14:53:57.897,    47.00, -610.27, 2222.50,    0.00,    0.00,   0,   0,  98, 0.12
14:53:58.897,    48.00, -610.18, 2222.50,    0.00,    0.00,   0,   0,  98, 0.12
14:53:59.897,    49.00, -610.03, 2222.50,    0.00,    0.00,   0,   0,  98, 0.12
14:54:00.897,    50.00, -609.90, 2222.50,    0.00,    0.00,   0,   0,  98, 0.12
14:54:01.897,    51.00, -609.82, 2222.50,    0.00,    0.00,   0,   0,  98, 0.11
14:54:02.897,    52.00, -609.79, 2222.50,    0.00,    0.00,   0,   0,  98, 0.11
14:54:03.897,    53.00, -609.69, 2222.50,    0.00,    0.00,   0,   0,  98, 0.11
14:54:04.897,    54.00, -609.67, 2222.50,    0.00,    0.00,   0,   0,  98, 0.11
14:54:05.897,    55.00, -609.63, 2222.50,    0.00,    0.00,   0,   0,  98, 0.11
14:54:06.897,    56.00, -609.60, 2222.54,    0.00,    0.00,   0,   0,  98, 0.11
14:54:07.897,    57.00, -609.54, 2222.54,    0.00,    0.00,   0,   0,  98, 0.11
14:54:08.897,    58.00, -609.48, 2222.50,    0.00,    0.00,   0,   0,  98, 0.11
14:54:09.897,    59.00, -609.39, 2222.50,    0.00,    0.00,   0,   0,  98, 0.11
14:54:10.897,    60.00, -609.30, 2222.50,    0.00,    0.00,   0,   0,  98, 0.10
14:54:11.897,    61.00, -609.27, 2222.50,    0.00,    0.00,   0,   0,  98, 0.10
14:54:12.897,    62.00, -609.27, 2222.54,    0.00,    0.00,   0,   0,  98, 0.10
14:54:13.897,    63.00, -609.24, 2222.54,    0.00,    0.00,   0,   0,  98, 0.10
14:54:14.897,    64.00, -609.22, 2222.50,    0.00,    0.00,   0,   0,  98, 0.10
14:54:15.897,    65.00, -609.18, 2222.50,    0.00,    0.00,   0,   0,  98, 0.10
14:54:16.897,    66.00, -609.18, 2222.50,    0.00,    0.00,   0,   0,  98, 0.10
14:54:17.897,    67.00, -609.12, 2222.50,    0.00,    0.00,   0,   0,  98, 0.10
14:54:18.897,    68.00, -609.12, 2222.50,    0.00,    0.00,   0,   0,  98, 0.10
14:54:19.897,    69.00, -609.09, 2222.50,    0.00,    0.00,   0,   0,  98, 0.10
14:54:20.897,    70.00, -609.12, 2222.47,    0.00,    0.00,   0,   0,  98, 0.10
14:54:21.897,    71.00, -609.06, 2222.50,    0.00,    0.00,   0,   0,  98, 0.09
14:54:22.897,    72.00, -609.03, 2222.47,    0.00,    0.00,   0,   0,  98, 0.09
14:54:23.897,    73.00, -609.00, 2222.47,    0.00,    0.00,   0,   0,  98, 0.09
14:54:24.897,    74.00, -608.97, 2222.43,    0.00,    0.00,   0,   0,  98, 0.09
14:54:25.897,    75.00, -608.91, 2222.43,    0.00,    0.00,   0,   0,  98, 0.09
14:54:26.897,    76.00, -608.88, 2222.40,    0.00,    0.00,   0,   0,  98, 0.09
14:54:27.897,    77.00, -608.85, 2222.40,    0.00,    0.00,   0,   0,  98, 0.09
14:54:28.897,    78.00, -608.82, 2222.43,    0.00,    0.00,   0,   0,  98, 0.09
14:54:29.897,    79.00, -608.79, 2222.40,    0.00,    0.00,   0,   0,  98, 0.09
14:54:30.897,    80.00, -608.76, 2222.40,    0.00,    0.00,   0,   0,  98, 0.09
14:54:31.897,    81.00, -608.73, 2222.40,    0.00,    0.00,   0,   0,  98, 0.09
14:54:32.898,    82.00, -608.67, 2222.40,    0.00,    0.00,   0,   0,  98, 0.08
14:54:33.898,    83.00, -608.67, 2222.40,    0.00,    0.00,   0,   0,  98, 0.08
14:54:34.898,    84.00, -608.67, 2222.36,    0.00,    0.00,   0,   0,  98, 0.08
14:54:35.898,    85.00, -608.61, 2222.36,    0.00,    0.00,   0,   0,  98, 0.08
14:54:36.898,    86.00, -608.61, 2222.40,    0.00,    0.00,   0,   0,  98, 0.08
14:54:37.898,    87.00, -608.55, 2222.36,    0.00,    0.00,   0,   0,  98, 0.08
14:54:38.898,    88.00, -608.52, 2222.36,    0.00,    0.00,   0,   0,  98, 0.08
14:54:39.898,    89.00, -608.52, 2222.36,    0.00,    0.00,   0,   0,  98, 0.08
14:54:40.898,    90.00, -608.46, 2222.32,    0.00,    0.00,   0,   0,  98, 0.08
14:54:41.898,    91.00, -608.43, 2222.32,    0.00,    0.00,   0,   0,  98, 0.08
14:54:42.898,    92.00, -608.39, 2222.32,    0.00,    0.00,   0,   0,  98, 0.08
14:54:43.898,    93.00, -608.37, 2222.32,    0.00,    0.00,   0,   0,  98, 0.08
14:54:44.898,    94.00, -608.37, 2222.32,    0.00,    0.00,   0,   0,  98, 0.08
14:54:45.898,    95.00, -608.37, 2222.32,    0.00,    0.00,   0,   0,  98, 0.08
14:54:46.898,    96.00, -608.34, 2222.32,    0.00,    0.00,   0,   0,  98, 0.08
14:54:47.898,    97.00, -608.34, 2222.32,    0.00,    0.00,   0,   0,  98, 0.08
14:54:48.898,    98.00, -608.34, 2222.29,    0.00,    0.00,   0,   0,  98, 0.08
14:54:49.898,    99.00, -608.37, 2222.32,    0.00,    0.00,   0,   0,  98, 0.08
14:54:50.898,   100.00, -608.37, 2222.29,    0.00,    0.00,   0,   0,  98, 0.07
14:54:51.898,   101.00, -608.34, 2222.29,    0.00,    0.00,   0,   0,  98, 0.07
14:54:52.898,   102.00, -608.34, 2222.29,    0.00,    0.00,   0,   0,  98, 0.07
14:54:53.898,   103.00, -609.39, 2222.68,    0.00,    0.00,   0,   0,  98, 0.05
14:54:54.898,   104.00, -609.42, 2222.68,    0.00,    0.00,   0,   0,  98, 0.05
14:54:55.898,   105.00, -609.42, 2222.68,    0.00,    0.00,   0,   0,  98, 0.05
14:54:56.898,   106.00, -609.39, 2222.68,    0.00,    0.00,   0,   0,  98, 0.05
14:54:57.898,   107.00, -609.39, 2222.68,    0.00,    0.00,   0,   0,  98, 0.05
14:54:58.898,   108.00, -609.42, 2222.68,    0.00,    0.00,   0,   0,  98, 0.05
14:54:59.898,   109.00, -609.39, 2222.68,    0.00,    0.00,   0,   0,  98, 0.05
14:55:00.898,   110.00, -609.39, 2222.65,    0.00,    0.00,   0,   0,  98, 0.05
14:55:01.898,   111.00, -609.39, 2222.65,    0.00,    0.00,   0,   0,  98, 0.05
14:55:02.898,   112.00, -609.39, 2222.65,    0.00,    0.00,   0,   0,  98, 0.05
14:55:03.899,   113.00, -609.39, 2222.65,    0.00,    0.00,   0,   0,  98, 0.05
14:55:04.899,   114.00, -609.39, 2222.65,    0.00,    0.00,   0,   0, 105, 0.05
14:55:05.899,   115.00, -609.09, 2222.50,    0.00,    0.00,   0,   0,  67, 0.05
14:55:06.899,   116.00, -607.82, 2221.88,    0.00,    0.00,   0,   0,  28, 0.05
14:55:07.899,   117.00, -606.65, 2222.47,    0.00,    0.00,   0,   0,  44, 0.05
14:55:08.899,   118.00, -607.26, 2222.50,    0.00,    0.00,   0,   0,  78, 0.05
14:55:09.899,   119.00, -608.64, 2222.68,    0.00,    0.00,   0,   0, 103, 0.05
14:55:10.899,   120.00, -609.45, 2222.76,    0.00,    0.00,   0,   0, 103, 0.05
14:55:11.899,   121.00, -609.27, 2222.68,    0.00,    0.00,   0,   0, 103, 0.05
14:55:12.899,   122.00, -609.24, 2222.68,    0.00,    0.00,   0,   0, 102, 0.05
14:55:13.899,   123.00, -609.22, 2222.65,    0.00,    0.00,   0,   0, 102, 0.05
14:55:14.899,   124.00, -609.22, 2222.65,    0.00,    0.00,   0,   0, 102, 0.05
14:55:15.899,   125.00, -609.22, 2222.65,    0.00,    0.00,   0,   0, 102, 0.05
14:55:16.899,   126.00, -609.22, 2222.65,    0.00,    0.00,   0,   0, 104, 0.05
14:55:17.899,   127.00, -609.24, 2222.65,    0.00,    0.00,   0,   0, 103, 0.05
14:55:18.899,   128.00, -609.24, 2222.65,    0.00,    0.00,   0,   0, 103, 0.05
14:55:19.899,   129.00, -609.24, 2222.65,    0.00,    0.00,   0,   0, 103, 0.05
14:55:20.899,   130.00, -609.24, 2222.68,    0.00,    0.00,   0,   0, 104, 0.05
14:55:21.899,   131.00, -609.24, 2222.68,    0.00,    0.00,   0,   0, 103, 0.05
14:55:22.899,   132.00, -609.24, 2222.68,    0.00,    0.00,   0,   0, 103, 0.05
14:55:23.899,   133.00, -609.24, 2222.65,    0.00,    0.00,   0,   0, 103, 0.05
14:55:24.899,   134.00, -609.22, 2222.65,    0.00,    0.00,   0,   0, 103, 0.05
14:55:25.899,   135.00, -609.22, 2222.65,    0.00,    0.00,   0,   0, 103, 0.05
14:55:26.899,   136.00, -609.22, 2222.65,    0.00,    0.00,   0,   0, 103, 0.05
14:55:27.899,   137.00, -609.24, 2222.65,    0.00,    0.00,   0,   0, 103, 0.05
14:55:28.899,   138.00, -609.24, 2222.65,    0.00,    0.00,   0,   0, 103, 0.05
14:55:29.899,   139.00, -609.24, 2222.65,    0.00,    0.00,   0,   0, 103, 0.05
14:55:30.899,   140.00, -609.22, 2222.65,    0.00,    0.00,   0,   0, 103, 0.05
14:55:31.899,   141.00, -609.22, 2222.65,    0.00,    0.00,   0,   0, 103, 0.05
14:55:32.899,   142.00, -609.24, 2222.65,    0.00,    0.00,   0,   0, 103, 0.05
14:55:33.899,   143.00, -609.24, 2222.65,    0.00,    0.00,   0,   0, 103, 0.05
14:55:34.899,   144.00, -609.22, 2222.65,    0.00,    0.00,   0,   0, 103, 0.05
14:55:35.899,   145.00, -609.22, 2222.65,    0.00,    0.00,   0,   0, 103, 0.05
14:55:36.899,   146.00, -609.22, 2222.65,    0.00,    0.00,   0,   0, 103, 0.05
14:55:37.899,   147.00, -609.22, 2222.65,    0.00,    0.00,   0,   0, 102, 0.05
14:55:38.899,   148.00, -609.22, 2222.65,    0.00,    0.00,   0,   0, 103, 0.05
14:55:39.899,   149.00, -609.22, 2222.65,    0.00,    0.00,   0,   0, 102, 0.05
14:55:40.899,   150.00, -609.22, 2222.65,    0.00,    0.00,   0,   0, 102, 0.05
14:55:41.899,   151.00, -609.22, 2222.65,    0.00,    0.00,   0,   0, 102, 0.05
14:55:42.899,   152.00, -609.22, 2222.65,    0.00,    0.00,   0,   0, 102, 0.05
14:55:43.899,   153.00, -609.22, 2222.65,    0.00,    0.00,   0,   0, 103, 0.05
14:55:44.899,   154.00, -609.22, 2222.65,    0.00,    0.00,   0,   0, 103, 0.05
14:55:45.899,   155.00, -609.22, 2222.65,    0.00,    0.00,   0,   0, 103, 0.05
14:55:46.899,   156.00, -609.22, 2222.65,    0.00,    0.00,   0,   0, 103, 0.05
14:55:47.899,   157.00, -609.24, 2222.68,    0.00,    0.00,   0,   0, 104, 0.05
14:55:48.899,   158.00, -609.24, 2222.68,    0.00,    0.00,   0,   0, 103, 0.05
14:55:49.899,   159.00, -609.22, 2222.65,    0.00,    0.00,   0,   0, 103, 0.05
14:55:50.899,   160.00, -609.22, 2222.68,    0.00,    0.00,   0,   0, 103, 0.05
14:55:51.899,   161.00, -609.22, 2222.65,    0.00,    0.00,   0,   0, 103, 0.05
14:55:52.899,   162.00, -609.22, 2222.65,    0.00,    0.00,   0,   0, 103, 0.05
14:55:53.899,   163.00, -609.22, 2222.65,    0.00,    0.00,   0,   0, 103, 0.05
14:55:54.899,   164.00, -609.22, 2222.65,    0.00,    0.00,   0,   0, 103, 0.05
14:55:55.899,   165.00, -609.22, 2222.65,    0.00,    0.00,   0,   0, 103, 0.05
14:55:56.899,   166.00, -609.22, 2222.65,    0.00,    0.00,   0,   0, 103, 0.05
14:55:57.899,   167.00, -609.22, 2222.65,    0.00,    0.00,   0,   0, 103, 0.05
14:55:58.899,   168.00, -609.22, 2222.65,    0.00,    0.00,   0,   0, 103, 0.05
14:55:59.899,   169.00, -609.22, 2222.65,    0.00,    0.00,   0,   0, 103, 0.05
14:56:00.899,   170.00, -609.22, 2222.65,    0.00,    0.00,   0,   0, 103, 0.05
14:56:01.899,   171.00, -609.22, 2222.65,    0.00,    0.00,   0,   0, 103, 0.05
14:56:02.899,   172.00, -609.22, 2222.65,    0.00,    0.00,   0,   0, 103, 0.05
14:56:03.899,   173.00, -609.22, 2222.65,    0.00,    0.00,   0,   0, 103, 0.05
14:56:04.899,   174.00, -609.22, 2222.65,    0.00,    0.00,   0,   0, 103, 0.05
14:56:05.899,   175.00, -609.24, 2222.65,    0.00,    0.00,   0,   0, 103, 0.05
14:56:06.899,   176.00, -609.22, 2222.65,    0.00,    0.00,   0,   0, 103, 0.05
14:56:07.900,   177.00, -609.22, 2222.65,    0.00,    0.00,   0,   0, 103, 0.05
14:56:08.899,   178.00, -609.22, 2222.65,    0.00,    0.00,   0,   0, 103, 0.05
14:56:09.900,   179.00, -609.22, 2222.65,    0.00,    0.00,   0,   0, 103, 0.05
14:56:10.899,   180.00, -609.22, 2222.65,    0.00,    0.00,   0,   0, 103, 0.05
14:56:11.900,   181.00, -609.22, 2222.65,    0.00,    0.00,   0,   0, 100, 0.05
14:56:12.900,   182.00, -609.22, 2222.65,    0.00,    0.00,   0,   0,  56, 0.05
14:56:13.900,   183.00, -609.09, 2222.68,    0.00,    0.00,   0,   0,  23, 0.05
14:56:14.900,   184.00, -607.73, 2222.06,    0.00,    0.00,   0,   0,  20, 0.05
14:56:15.900,   185.00, -606.26, 2222.98,    0.00,    0.00,   0,   0,  17, 0.05
14:56:16.900,   186.00, -605.32, 2224.59,    0.00,    0.00,   0,   0,  22, 0.05
14:56:17.900,   187.00, -605.35, 2225.09,    0.00,    0.00,   0,   0,  28, 0.05
14:56:18.900,   188.00, -605.30, 2225.02,    0.00,    0.00,   0,   0,  30, 0.05
14:56:19.900,   189.00, -605.23, 2225.16,    0.00,    0.00,   0,   0,  24, 0.05
14:56:20.900,   190.00, -605.20, 2225.32,    0.00,    0.00,   0,   0,  23, 0.05
14:56:21.900,   191.00, -605.23, 2225.35,    0.00,    0.00,   0,   0,  23, 0.05
14:56:22.900,   192.00, -605.20, 2225.42,    0.00,    0.00,   0,   0,  23, 0.05
14:56:23.900,   193.00, -605.20, 2225.42,    0.00,    0.00,   0,   0,  23, 0.05
14:56:24.900,   194.00, -605.23, 2225.42,    0.00,    0.00,   0,   0,  23, 0.05
14:56:25.900,   195.00, -605.17, 2225.46,    0.00,    0.00,   0,   0,  23, 0.05
14:56:26.900,   196.00, -605.20, 2225.46,    0.00,    0.00,   0,   0,  23, 0.05
14:56:27.900,   197.00, -605.17, 2225.46,    0.00,    0.00,   0,   0,  23, 0.05
14:56:28.900,   198.00, -605.17, 2225.46,    0.00,    0.00,   0,   0,  23, 0.05
14:56:29.900,   199.00, -605.17, 2225.46,    0.00,    0.00,  10,   0,  24, 0.05
14:56:30.900,   200.00, -605.02, 2225.82,    0.00,    0.00,  10,  -6,  24, 0.05
14:56:31.900,   201.00, -604.75, 2226.30,    0.00,    0.00,  10,  -7,  22, 0.05
14:56:32.900,   202.00, -604.47, 2226.70,    0.00,    0.00,  10, -12,  17, 0.05
14:56:33.900,   203.00, -604.26, 2227.06,    0.00,    0.00,  20, -12,   9, 0.05
14:56:34.900,   204.00, -604.17, 2227.47,    0.00,    0.00,  20, -12, 357, 0.05
14:56:35.900,   205.00, -604.09, 2228.38,    0.00,    0.00,  20, -12, 343, 0.05
14:56:36.900,   206.00, -604.09, 2229.18,    0.00,    0.00,  20, -12, 332, 0.05
14:56:37.900,   207.00, -604.26, 2230.02,    0.00,    0.00,  20, -12, 318, 0.05
14:56:38.900,   208.00, -604.66, 2230.79,    0.00,    0.00,  20, -12, 306, 0.05
14:56:39.900,   209.00, -605.23, 2231.48,    0.00,    0.00,  20,   0, 296, 0.05
14:56:40.900,   210.00, -605.96, 2232.03,    0.00,    0.00,  20,   0, 295, 0.05
14:56:42.548,   211.57, -607.01, 2232.53, -606.25, 2232.16,  20, -14, 294, 0.05
14:56:43.506,   212.57, -608.03, 2233.05, -607.34, 2232.49,  20,  -5, 284, 0.05
14:56:44.488,   213.57, -609.00, 2233.52, -608.74, 2232.76,  20,   2, 276, 0.05
14:56:45.488,   214.57, -609.88, 2233.85, -609.80, 2232.92,  30,   2, 276, 0.05
14:56:46.487,   215.57, -610.84, 2234.03, -610.85, 2233.09,  40,  -1, 280, 0.05
14:56:47.505,   216.57, -612.38, 2234.28, -612.27, 2233.39,  40,   0, 279, 0.05
14:56:48.488,   217.57, -614.37, 2234.80, -614.15, 2233.77,  40,  -1, 279, 0.05
14:56:49.489,   218.57, -616.42, 2235.24, -616.15, 2234.15,  40,   0, 277, 0.05
14:56:50.490,   219.57, -618.47, 2235.56, -618.17, 2234.51,  30,   0, 276, 0.05
14:56:51.488,   220.57, -620.52, 2235.81, -620.17, 2234.84,  30,  -2, 276, 0.05
14:56:52.489,   221.57, -622.48, 2236.04, -622.11, 2235.12,  30,   0, 272, 0.05
14:56:53.490,   222.59, -624.05, 2236.18, -623.75, 2235.31,  40,  51, 271, 0.05
14:56:54.508,   223.59, -625.53, 2236.36, -624.69, 2236.19,  40,  15, 305, 0.05
14:56:55.508,   224.59, -626.88, 2236.40, -625.33, 2236.78,  40, -15, 337, 0.05
14:56:56.509,   225.59, -628.18, 2237.02, -625.93, 2237.90,  40, -11, 332, 0.05
14:56:57.508,   226.59, -628.99, 2238.48, -627.33, 2239.39,  40,  13, 308, 0.05
14:56:58.508,   227.59, -629.66, 2240.09, -628.72, 2240.53,  40,   5, 317, 0.05
14:56:59.508,   228.59, -630.93, 2241.47, -629.87, 2241.80,  40,  -8, 332, 0.05
14:57:00.508,   229.59, -632.25, 2242.75, -631.01, 2243.23,  40,   2, 321, 0.05
14:57:01.509,   230.59, -633.19, 2244.43, -632.26, 2244.66,  40,   1, 323, 0.05
14:57:02.507,   231.59, -635.54, 2247.78, -634.50, 2247.46,  40,   1, 324, 0.05
14:57:03.506,   232.59, -636.63, 2249.49, -635.94, 2249.34,  40,   0, 326, 0.05
14:57:04.508,   233.59, -637.68, 2251.22, -637.17, 2251.04,  40,   0, 327, 0.05
14:57:05.508,   234.59, -638.83, 2253.07, -638.43, 2252.79,  40,   0, 326, 0.05
14:57:06.516,   235.59, -639.94, 2254.87, -639.67, 2254.51,  40,   1, 325, 0.05
14:57:07.514,   236.59, -641.00, 2256.72, -640.87, 2256.26,  30,  -1, 328, 0.05
14:57:08.514,   237.59, -642.05, 2258.29, -641.93, 2257.86,  30,  -2, 327, 0.05
14:57:09.509,   238.59, -642.87, 2259.61, -642.85, 2259.19,  30,   0, 323, 0.05
14:57:10.510,   239.61, -643.75, 2260.84, -643.78, 2260.41,  40, -32, 322, 0.05
14:57:11.527,   240.61, -644.73, 2262.05, -644.14, 2261.35,  40,   1, 288, 0.06
14:57:12.528,   241.61, -646.16, 2262.96, -645.38, 2261.50,  40,  26, 264, 0.05
14:57:13.529,   242.61, -647.97, 2263.03, -647.63, 2261.93,  40,  -2, 294, 0.05
14:57:14.527,   243.61, -649.48, 2263.54, -649.33, 2262.96,  40, -19, 310, 0.05
14:57:15.528,   244.61, -651.13, 2264.63, -650.97, 2263.90,  40,   8, 281, 0.05
14:57:16.553,   245.61, -652.70, 2265.33, -652.58, 2264.37,  40,  12, 278, 0.05
14:57:17.528,   246.61, -654.48, 2265.66, -654.32, 2265.05,  40, -12, 302, 0.05
14:57:18.554,   247.61, -656.04, 2266.39, -655.88, 2265.87,  40,   0, 289, 0.05
14:57:19.530,   248.61, -657.83, 2267.23, -657.65, 2266.52,  40,   5, 283, 0.05
14:57:20.529,   249.61, -659.75, 2267.85, -659.54, 2267.24,  40,  -5, 294, 0.05
14:57:21.528,   250.61, -661.45, 2268.51, -661.24, 2267.99,  40,   0, 288, 0.05
14:57:22.529,   251.61, -663.31, 2269.12, -663.06, 2268.66,  40,   0, 287, 0.05
14:57:23.529,   252.61, -663.16, 2268.51, -663.24, 2268.71,  40,   3, 284, 0.05
14:57:24.527,   253.61, -665.64, 2269.78, -665.28, 2269.39,  40,  -1, 289, 0.05
14:57:25.530,   254.61, -667.63, 2270.37, -667.26, 2270.09,  40,   0, 287, 0.05
14:57:26.526,   255.61, -669.44, 2271.20, -669.15, 2270.77,  40,   0, 287, 0.05
14:57:27.537,   256.61, -671.40, 2272.04, -671.11, 2271.50,  40,   0, 287, 0.05
14:57:28.547,   257.61, -673.42, 2272.81, -673.12, 2272.26,  40,  -1, 287, 0.05
14:57:29.527,   258.61, -675.50, 2273.50, -675.17, 2272.99,  40,   1, 284, 0.05
14:57:30.528,   259.61, -677.46, 2274.23, -677.16, 2273.69,  40,  -1, 286, 0.05
14:57:31.528,   260.61, -679.42, 2274.89, -679.12, 2274.41,  30,  -3, 285, 0.05
14:57:32.528,   261.61, -681.50, 2275.62, -681.14, 2275.02,  30,   2, 278, 0.05
14:57:33.529,   262.62, -683.34, 2276.13, -683.02, 2275.54,  40,-134, 280, 0.05
14:57:34.546,   263.62, -684.88, 2276.46, -683.96, 2276.24,  40,-103, 251, 0.05
14:57:35.547,   264.62, -686.42, 2276.75, -684.59, 2276.07,  40, -53, 200, 0.05
14:57:36.546,   265.62, -687.99, 2276.60, -685.48, 2276.70,  40,  -4, 150, 0.05
14:57:37.554,   266.62, -689.07, 2275.32, -686.73, 2276.79,  40,  19, 126, 0.05
14:57:38.546,   267.62, -688.86, 2273.79, -686.54, 2275.79,  40,   0, 146, 0.05
14:57:39.547,   268.62, -687.65, 2272.41, -685.95, 2273.73,  40, -21, 161, 0.05
14:57:40.546,   269.62, -686.75, 2270.99, -685.50, 2272.19,  40,   0, 138, 0.05
14:57:41.546,   270.62, -686.14, 2269.01, -684.84, 2270.87,  40,  13, 123, 0.05
14:57:42.547,   271.62, -685.39, 2267.52, -683.88, 2269.32,  40,  -8, 144, 0.05
14:57:43.547,   272.62, -683.91, 2266.20, -682.90, 2267.54,  40,  -5, 140, 0.05
14:57:44.546,   273.62, -682.98, 2264.93, -682.08, 2266.23,  40,   7, 127, 0.05
14:57:45.547,   274.62, -681.80, 2263.14, -680.85, 2264.57,  40,  -3, 138, 0.05
14:57:46.547,   275.62, -680.47, 2261.72, -679.73, 2262.89,  40,  -2, 136, 0.05
14:57:47.546,   276.62, -677.97, 2258.66, -677.57, 2260.18,  40,   2, 131, 0.05
14:57:48.546,   277.62, -676.62, 2257.05, -676.10, 2258.21,  40,  -2, 136, 0.05
14:57:49.546,   278.62, -675.32, 2255.51, -674.87, 2256.49,  40,   0, 132, 0.05
14:57:50.546,   279.62, -673.99, 2253.95, -673.62, 2254.85,  40,   0, 132, 0.05
14:57:51.547,   280.62, -672.55, 2252.38, -672.32, 2253.17,  40,   0, 132, 0.05
14:57:52.548,   281.62, -671.12, 2250.77, -671.02, 2251.44,  40,  -2, 134, 0.05
14:57:53.547,   282.62, -669.74, 2249.24, -669.74, 2249.81,  40,   2, 129, 0.05
14:57:54.548,   283.62, -668.32, 2247.75, -668.44, 2248.22,  40,   3, 133, 0.05
14:57:55.547,   284.62, -666.90, 2246.29, -667.25, 2246.57,  40,  -4, 140, 0.05
14:57:56.546,   285.62, -665.73, 2244.68, -666.10, 2244.92,  40,   0, 134, 0.05
14:57:57.545,   286.62, -664.37, 2243.08, -664.82, 2243.29,  40,   0, 134, 0.05
14:57:58.547,   287.62, -662.86, 2241.51, -663.46, 2241.63,  40,   0, 135, 0.05
14:57:59.550,   288.62, -661.41, 2239.98, -662.10, 2240.01,  40,   0, 134, 0.05
14:58:00.546,   289.62, -660.06, 2238.34, -660.72, 2238.39,  40,   0, 135, 0.05
14:58:01.547,   290.62, -658.70, 2236.73, -659.37, 2236.77,  40,  -2, 137, 0.06
14:58:02.546,   291.62, -657.43, 2234.94, -657.98, 2235.10,  30,   0, 134, 0.07
14:58:03.555,   292.62, -656.26, 2233.52, -656.74, 2233.68,  30,   1, 134, 0.07
14:58:04.548,   293.62, -655.14, 2232.35, -655.64, 2232.42,  30,   0, 137, 0.06
14:58:05.549,   294.64, -654.21, 2231.07, -654.63, 2231.18,  40,  27, 138, 0.07
14:58:06.566,   295.64, -653.18, 2229.95, -653.78, 2230.60,  40,   0, 166, 0.06
14:58:07.567,   296.64, -652.64, 2228.45, -653.71, 2229.30,  40, -24, 189, 0.05
14:58:08.567,   297.64, -653.25, 2226.77, -653.59, 2227.23,  40,   0, 164, 0.05
14:58:09.566,   298.64, -652.85, 2226.59, -653.28, 2226.47,  40,  16, 147, 0.05
14:58:10.566,   299.64, -652.70, 2224.87, -652.68, 2225.15,  40,  -3, 168, 0.05
14:58:11.576,   300.64, -651.76, 2222.98, -652.29, 2223.29,  40, -11, 176, 0.05
14:58:12.568,   301.64, -651.34, 2221.30, -651.84, 2221.53,  40,   7, 157, 0.05
14:58:13.566,   302.64, -651.34, 2219.33, -651.22, 2219.77,  40,   3, 161, 0.05
14:58:14.566,   303.64, -650.92, 2217.58, -650.74, 2218.00,  40,  -3, 168, 0.05
14:58:15.566,   304.64, -650.20, 2215.72, -650.28, 2216.11,  40,   0, 165, 0.05
14:58:16.569,   305.64, -649.93, 2213.74, -649.81, 2214.19,  40,   0, 165, 0.05
14:58:17.567,   306.64, -649.56, 2211.67, -649.30, 2212.19,  40,   1, 163, 0.05
14:58:18.567,   307.64, -649.17, 2209.55, -648.83, 2210.10,  40,  -4, 168, 0.05
14:58:19.567,   308.64, -648.84, 2207.44, -648.36, 2208.05,  40,   3, 160, 0.05
14:58:20.567,   309.64, -648.54, 2205.39, -647.89, 2206.02,  40,  -1, 165, 0.05
14:58:21.567,   310.64, -648.14, 2203.46, -647.50, 2204.06,  40,   0, 163, 0.05
14:58:22.567,   311.64, -647.57, 2201.49, -647.06, 2202.08,  40,   0, 162, 0.05
14:58:23.567,   312.64, -647.09, 2199.45, -646.62, 2200.02,  40,  -3, 164, 0.05
14:58:24.566,   313.64, -646.52, 2197.30, -646.09, 2197.93,  40,   4, 156, 0.05
14:58:25.569,   314.64, -645.94, 2195.22, -645.55, 2195.81,  40,  -3, 163, 0.05
14:58:26.567,   315.64, -645.34, 2193.36, -645.06, 2193.87,  40,   1, 157, 0.05
14:58:27.566,   316.64, -644.77, 2191.46, -644.53, 2191.96,  40,   0, 159, 0.05
14:58:28.566,   317.64, -644.22, 2189.53, -644.02, 2190.02,  40,  -2, 159, 0.05
14:58:29.584,   318.64, -643.65, 2187.45, -643.42, 2188.00,  40,   2, 153, 0.05
14:58:30.584,   319.64, -642.90, 2185.37, -642.76, 2185.91,  30,  -3, 158, 0.05
14:58:31.572,   320.64, -642.11, 2183.36, -642.15, 2183.87,  30,  -5, 157, 0.05
14:58:32.574,   321.67, -641.06, 2180.22, -641.06, 2181.06,  40,-131, 147, 0.05
14:58:33.591,   322.67, -640.30, 2178.95, -640.71, 2179.69,  40, -93, 109, 0.05
14:58:34.590,   323.67, -639.16, 2177.99, -640.07, 2179.47,  40, -43,  59, 0.05
14:58:35.590,   324.67, -637.74, 2178.26, -639.47, 2179.27,  40,   5,  10, 0.05
14:58:36.591,   325.67, -637.11, 2179.45, -638.87, 2179.49,  40,  28, 345, 0.05
14:58:37.592,   326.67, -637.38, 2180.91, -638.71, 2180.78,  40,   1,  11, 0.05
14:58:38.593,   327.67, -637.32, 2182.52, -637.99, 2182.41,  40, -20,  33, 0.05
14:58:39.594,   328.67, -636.38, 2184.28, -637.18, 2184.10,  40,   1,   8, 0.05
14:58:40.591,   329.67, -635.78, 2186.02, -636.83, 2185.74,  40,  17, 355, 0.05
14:58:41.592,   330.67, -635.90, 2187.92, -636.49, 2187.64,  40,  -7,  19, 0.05
14:58:42.591,   331.67, -635.60, 2189.60, -635.89, 2189.32,  40,  -7,  19, 0.05
14:58:43.592,   332.67, -634.91, 2191.35, -635.40, 2191.07,  40,   8,   3, 0.05
14:58:44.593,   333.67, -634.61, 2193.17, -635.07, 2192.89,  40,   0,  11, 0.05
14:58:45.592,   334.67, -634.30, 2195.04, -634.59, 2194.72,  40,  -3,  15, 0.05
14:58:46.593,   335.67, -633.79, 2197.04, -634.11, 2196.68,  40,   4,   7, 0.05
14:58:47.592,   336.67, -633.46, 2199.01, -633.70, 2198.64,  40,   0,  12, 0.05
14:58:48.591,   337.67, -633.07, 2201.02, -633.21, 2200.62,  40,  -1,  13, 0.05
14:58:49.591,   338.67, -632.52, 2203.09, -632.71, 2202.68,  40,   1,  10, 0.05
14:58:50.592,   339.67, -632.22, 2204.99, -632.29, 2204.60,  40,   0,  12, 0.05
14:58:51.592,   340.67, -631.77, 2207.04, -631.81, 2206.61,  40,   0,  12, 0.05
14:58:52.603,   341.67, -631.31, 2209.15, -631.32, 2208.69,  40,   0,  12, 0.05
14:58:53.594,   342.67, -630.84, 2211.19, -630.85, 2210.74,  40,   0,  12, 0.05
14:58:54.592,   343.67, -629.77, 2213.51, -630.23, 2213.07,  40,   0,  12, 0.05
14:58:55.591,   344.67, -629.16, 2213.65, -629.91, 2213.80,  40,  -2,  13, 0.05
14:58:56.601,   345.67, -629.81, 2215.39, -629.63, 2215.13,  40,   3,   7, 0.05
14:58:57.590,   346.67, -629.42, 2217.32, -629.30, 2216.93,  40,   0,  12, 0.05
14:58:58.591,   347.67, -629.03, 2219.33, -628.86, 2218.87,  40,  -1,  13, 0.05
14:58:59.593,   348.67, -628.67, 2221.08, -628.48, 2220.67,  40,   1,  10, 0.05
14:59:00.591,   349.67, -628.15, 2223.16, -628.09, 2222.70,  40,   2,  10, 0.05
14:59:01.595,   350.67, -627.94, 2225.13, -627.70, 2224.66,  40,   0,  14, 0.05
14:59:02.598,   351.67, -627.54, 2227.32, -627.23, 2226.77,  40,   1,  14, 0.05
14:59:03.592,   352.67, -627.07, 2229.43, -626.77, 2228.88,  30,   3,  14, 0.05
14:59:04.593,   353.67, -626.46, 2231.52, -626.22, 2230.92,  30,  -1,  20, 0.05
14:59:05.593,   354.67, -625.95, 2233.30, -625.68, 2232.75,  30,   0,  19, 0.05
14:59:06.602,   355.67, -625.41, 2234.69, -625.23, 2234.28,   0,   2,  19, 0.05
14:59:07.564,   356.67, -624.92, 2236.00, -625.23, 2234.28,   0,   2,  18, 0.05
14:59:08.564,   357.67, -624.53, 2237.06, -625.23, 2234.28,   0,   2,  18, 0.05
14:59:09.564,   358.67, -624.50, 2237.09, -625.23, 2234.28,   0,   2,  18, 0.05
14:59:10.564,   359.67, -624.50, 2237.09, -625.23, 2234.28,   0,   2,  18, 0.05
14:59:11.564,   360.67, -624.50, 2237.09, -625.23, 2234.28,   0,   2,  18, 0.05
14:59:12.564,   361.67, -624.50, 2237.09, -625.23, 2234.28,   0,   2,  18, 0.05
14:59:13.564,   362.67, -624.53, 2237.09, -625.23, 2234.28,   0,   2,  18, 0.05
14:59:14.564,   363.67, -624.50, 2237.09, -625.23, 2234.28,  10,   2,  18, 0.05
14:59:15.564,   364.67, -624.50, 2237.09, -625.23, 2234.28,  10,   2,  20, 0.05
14:59:16.564,   365.67, -624.38, 2237.50, -625.23, 2234.28,  10,   3,  21, 0.05
14:59:18.486,   367.59, -623.99, 2238.41, -625.23, 2234.28,  10,  36,  23, 0.05
14:59:19.486,   368.59, -623.62, 2239.07, -625.23, 2234.28,  20,  36,  52, 0.05
14:59:20.780,   369.88, -623.21, 2239.54, -625.23, 2234.28,  20,   0,  75, 0.05
14:59:21.789,   370.88, -622.45, 2239.76, -625.23, 2234.28,   0,   0,  82, 0.05
14:59:22.780,   371.88, -621.43, 2239.83, -625.23, 2234.28,   0,   1,  82, 0.05
14:59:23.780,   372.88, -621.49, 2239.83, -625.23, 2234.28,   0,   1,  82, 0.05
14:59:24.780,   373.88, -621.45, 2239.83, -625.23, 2234.28,   0,   1,  82, 0.05
14:59:25.780,   374.88, -621.45, 2239.83, -625.23, 2234.28,   0,   1,  82, 0.05
14:59:26.780,   375.88, -621.49, 2239.80, -625.23, 2234.28,  10,   1,  83, 0.05
14:59:27.780,   376.88, -621.00, 2239.83, -625.23, 2234.28,  10,   3,  84, 0.05
14:59:28.780,   377.88, -620.46, 2239.91, -625.23, 2234.28,  10,   4,  86, 0.05
14:59:29.780,   378.88, -619.98, 2239.91, -625.23, 2234.28,  10,   4,  89, 0.05
14:59:30.780,   379.88, -619.49, 2239.87, -625.23, 2234.28,  10,   4,  93, 0.05
14:59:31.780,   380.88, -619.02, 2239.83, -625.23, 2234.28,  20,   4,  96, 0.05
14:59:32.780,   381.88, -618.38, 2239.76, -625.23, 2234.28,  20,   4, 100, 0.05
14:59:33.780,   382.88, -617.44, 2239.61, -625.23, 2234.28,  20,   4, 104, 0.05
14:59:34.780,   383.88, -616.51, 2239.39, -625.23, 2234.28,  20,   4, 110, 0.05
14:59:35.780,   384.88, -615.63, 2239.10, -625.23, 2234.28,  20,   4, 115, 0.05
14:59:36.780,   385.88, -614.61, 2238.66, -625.23, 2234.28,  20,   0, 118, 0.05
14:59:37.780,   386.88, -613.76, 2238.19, -625.23, 2234.28,  20,   0, 119, 0.05
14:59:38.780,   387.88, -612.89, 2237.61, -625.23, 2234.28,  20,   0, 119, 0.05
14:59:39.780,   388.88, -612.01, 2237.09, -625.23, 2234.28,  20,   0, 120, 0.05
14:59:40.780,   389.88, -611.18, 2236.54, -625.23, 2234.28,  20,   0, 119, 0.05
14:59:41.780,   390.88, -610.27, 2235.97, -625.23, 2234.28,  20,   0, 120, 0.05
14:59:42.780,   391.88, -609.39, 2235.38, -625.23, 2234.28,  10,   0, 120, 0.05
14:59:43.780,   392.88, -608.88, 2235.01, -625.23, 2234.28,  10,   0, 121, 0.05
14:59:44.780,   393.88, -608.43, 2234.76, -625.23, 2234.28,  10,   0, 120, 0.05
14:59:45.780,   394.88, -607.98, 2234.51, -625.23, 2234.28,  10,   0, 121, 0.05
14:59:46.780,   395.88, -607.52, 2234.17, -625.23, 2234.28,  10,   6, 121, 0.05
14:59:47.780,   396.88, -607.01, 2233.85, -625.23, 2234.28,  10,  12, 125, 0.05
14:59:48.780,   397.88, -606.56, 2233.60, -625.23, 2234.28,  10,  12, 130, 0.05
14:59:49.780,   398.88, -606.17, 2233.30, -625.23, 2234.28,  10,  12, 136, 0.05
14:59:50.780,   399.88, -605.75, 2232.94, -625.23, 2234.28,  10,  12, 141, 0.05
14:59:51.780,   400.88, -605.45, 2232.61, -625.23, 2234.28,  10,  12, 146, 0.05
14:59:52.780,   401.88, -605.45, 2232.61, -625.23, 2234.28,  10,  12, 152, 0.05
14:59:53.780,   402.88, -605.14, 2232.25, -625.23, 2234.28,  10,  12, 159, 0.05
14:59:54.780,   403.89, -604.93, 2231.80, -625.23, 2234.28,  10,  12, 165, 0.05
14:59:55.780,   404.89, -604.78, 2231.41, -625.23, 2234.28,  10,  11, 170, 0.05
14:59:56.780,   405.89, -604.62, 2230.93, -625.23, 2234.28,  10,  10, 175, 0.05
14:59:57.780,   406.89, -604.54, 2230.49, -625.23, 2234.28,  10,  10, 180, 0.05
14:59:58.780,   407.89, -604.51, 2230.06, -625.23, 2234.28,  10,   4, 184, 0.05
14:59:59.780,   408.89, -604.54, 2229.58, -625.23, 2234.28,  10,  -2, 186, 0.05
15:00:00.780,   409.89, -604.60, 2229.11, -625.23, 2234.28,  10,  -2, 188, 0.05
15:00:01.780,   410.89, -604.69, 2228.67, -625.23, 2234.28,  10,  -2, 188, 0.05
15:00:02.780,   411.89, -604.75, 2228.27, -625.23, 2234.28,  10,  -2, 187, 0.05
15:00:03.780,   412.89, -604.81, 2227.83, -625.23, 2234.28,  10,  -2, 185, 0.05
15:00:04.781,   413.89, -604.90, 2227.28, -625.23, 2234.28,  10,   4, 183, 0.05
15:00:05.780,   414.89, -605.02, 2226.23, -625.23, 2234.28,  10,   4, 185, 0.05
15:00:06.781,   415.89, -605.11, 2225.78, -625.23, 2234.28,  10,   4, 188, 0.05
15:00:07.781,   416.89, -605.17, 2225.28, -625.23, 2234.28,  10,   4, 191, 0.05
15:00:08.781,   417.89, -605.30, 2224.80, -625.23, 2234.28,  10,   4, 193, 0.05
15:00:09.781,   418.89, -605.41, 2224.32, -625.23, 2234.28,  10,   4, 196, 0.05
15:00:10.781,   419.89, -605.62, 2223.82, -625.23, 2234.28,  10,   4, 198, 0.05
15:00:11.781,   420.89, -605.90, 2223.34, -625.23, 2234.28,  10,   4, 200, 0.05
15:00:12.781,   421.89, -606.05, 2222.86, -625.23, 2234.28,   0,   0, 202, 0.05
15:00:13.781,   422.89, -606.17, 2222.58, -625.23, 2234.28,   0,   0, 202, 0.05
15:00:14.781,   423.89, -606.13, 2222.58, -625.23, 2234.28,   0,   0, 202, 0.05
15:00:15.781,   424.89, -606.11, 2222.54, -625.23, 2234.28,   0,   0, 202, 0.05
15:00:16.781,   425.89, -606.11, 2222.54, -625.23, 2234.28,   0,   0, 202, 0.05
15:00:17.781,   426.89, -606.11, 2222.50, -625.23, 2234.28,   0,   0, 202, 0.05
15:00:18.781,   427.89, -606.11, 2222.58, -625.23, 2234.28,   0,   0, 202, 0.05
15:00:19.781,   428.89, -606.13, 2222.54, -625.23, 2234.28,   0,   0, 202, 0.05
15:00:20.781,   429.89, -606.13, 2222.54, -625.23, 2234.28,   0,   0, 202, 0.05
15:00:21.781,   430.89, -606.07, 2222.50, -625.23, 2234.28,   0,   0, 202, 0.05
15:00:22.781,   431.89, -606.17, 2222.50, -625.23, 2234.28,   0,   0, 202, 0.05
15:00:23.781,   432.89, -606.13, 2222.54, -625.23, 2234.28,   0,   0, 202, 0.05
15:00:24.781,   433.89, -606.11, 2222.54, -625.23, 2234.28,   0,   0, 201, 0.05
15:00:25.781,   434.89, -606.11, 2222.50, -625.23, 2234.28,   0,   0, 190, 0.05
15:00:26.781,   435.89, -606.22, 2222.47, -625.23, 2234.28,   0,   0, 140, 0.05
15:00:27.781,   436.89, -608.07, 2222.22, -625.23, 2234.28,   0,   0, 110, 0.05
15:00:28.781,   437.89, -609.12, 2222.47, -625.23, 2234.28,   0,   0, 109, 0.05
15:00:29.781,   438.89, -609.42, 2222.61, -625.23, 2234.28,   0,   0, 109, 0.05
15:00:30.781,   439.89, -609.39, 2222.58, -625.23, 2234.28,   0,   0, 109, 0.05
15:00:31.781,   440.89, -609.42, 2222.58, -625.23, 2234.28,   0,   0, 109, 0.05
15:00:32.781,   441.89, -609.39, 2222.58, -625.23, 2234.28,   0,   0, 109, 0.05
15:00:33.781,   442.89, -609.39, 2222.58, -625.23, 2234.28,   0,   0, 109, 0.05
15:00:34.781,   443.89, -609.39, 2222.58, -625.23, 2234.28,   0,   0, 109, 0.05
15:00:35.781,   444.89, -609.39, 2222.58, -625.23, 2234.28,   0,   0, 109, 0.05
15:00:36.781,   445.89, -609.39, 2222.58, -625.23, 2234.28,   0,   0, 109, 0.05
15:00:37.781,   446.89, -609.42, 2222.68, -625.23, 2234.28,   0,   0, 109, 0.05
15:00:38.781,   447.89, -609.39, 2222.68, -625.23, 2234.28,   0,   0, 109, 0.05
15:00:39.783,   448.89, -609.39, 2222.68, -625.23, 2234.28,   0,   0, 109, 0.05
15:00:40.783,   449.89, -609.39, 2222.68, -625.23, 2234.28,   0,   0, 109, 0.05
15:00:41.783,   450.89, -609.39, 2222.65, -625.23, 2234.28,   0,   0, 109, 0.05
15:00:42.783,   451.89, -609.42, 2222.65, -625.23, 2234.28,   0,   0, 109, 0.05
15:00:43.783,   452.89, -609.39, 2222.65, -625.23, 2234.28,   0,   0, 109, 0.05
