10:59:53.056,   187.32, -592.08, 2269.82, -592.09, 2269.84,  30,   6, 143, 0.05
10:59:54.016,   188.32, -591.63, 2269.23, -591.64, 2269.24,  30,   2, 147, 0.05
10:59:55.017,   189.33, -591.18, 2268.69, -591.24, 2268.63,  30,   2, 148, 0.05
10:59:56.021,   190.33, -590.75, 2268.03, -590.83, 2267.99,  30,   1, 149, 0.05
10:59:57.033,   191.35, -590.37, 2267.34, -590.39, 2267.26,  40,   1, 149, 0.05
10:59:58.071,   192.35, -589.97, 2266.64, -589.94, 2266.52,  50,   0, 150, 0.05
10:59:59.047,   193.36, -589.52, 2265.84, -589.49, 2265.74,  50,   1, 149, 0.05
11:00:00.059,   194.37, -588.92, 2264.67, -588.87, 2264.69,  50,   1, 149, 0.05
11:00:01.064,   195.38, -588.28, 2263.51, -588.21, 2263.57,  50,   0, 150, 0.05
11:00:02.070,   196.38, -587.65, 2262.34, -587.56, 2262.42,  50,   0, 150, 0.05
11:00:03.084,   197.39, -586.98, 2261.17, -586.91, 2261.24,  50,   0, 150, 0.05
11:00:04.085,   198.40, -586.35, 2259.97, -586.26, 2260.06,  50,   1, 149, 0.05
11:00:05.150,   199.45, -587.48, 2259.52, -586.37, 2259.80,  50,   0, 149, 0.05
11:00:06.146,   200.46, -585.11, 2257.67, -585.27, 2257.90,  50,   0, 148, 0.05
11:00:07.160,   201.47, -584.49, 2256.47, -584.49, 2256.56,  50,   0, 147, 0.05
11:00:08.159,   202.47, -583.85, 2255.30, -583.79, 2255.38,  50,   0, 147, 0.05
11:00:09.170,   203.48, -583.19, 2254.17, -583.11, 2254.23,  37,   0, 147, 0.05
11:00:10.173,   204.48, -582.53, 2253.00, -582.48, 2253.15,  37,   0, 146, 0.05
11:00:11.179,   205.49, -581.89, 2252.02, -581.86, 2252.13,  37,   0, 146, 0.05
11:00:12.187,   206.50, -581.34, 2251.14, -581.30, 2251.21,  37,   0, 145, 0.05
11:00:13.189,   207.50, -580.83, 2250.31, -580.78, 2250.37,  37,   0, 144, 0.05
11:00:14.183,   208.50, -580.32, 2249.49, -580.25, 2249.56,  37,   0, 143, 0.05
11:00:15.192,   209.52, -579.78, 2248.66, -579.71, 2248.74,  50,   0, 142, 0.05
11:00:16.217,   210.53, -579.21, 2247.82, -579.00, 2247.67,  50,   3, 149, 0.05
11:00:17.229,   211.54, -578.57, 2246.98, -578.47, 2246.79,  50,   1, 150, 0.05
11:00:18.234,   212.55, -577.91, 2245.85, -577.90, 2245.81,  50,   1, 150, 0.05
11:00:19.242,   213.55, -577.27, 2244.68, -577.26, 2244.70,  50,   1, 150, 0.05
11:00:20.241,   214.55, -576.67, 2243.52, -576.61, 2243.57,  50,   1, 150, 0.05
11:00:21.250,   215.56, -576.04, 2242.38, -575.97, 2242.44,  50,   1, 150, 0.05
11:00:22.250,   216.56, -575.44, 2241.15, -575.31, 2241.26,  50,   1, 150, 0.05
11:00:23.256,   217.56, -574.86, 2239.98, -574.68, 2240.10,  50,   0, 151, 0.05
11:00:24.259,   218.57, -574.26, 2238.81, -574.07, 2238.94,  50,   0, 151, 0.05
11:00:25.280,   219.59, -573.63, 2237.61, -573.45, 2237.73,  50,   0, 151, 0.05
11:00:26.279,   220.59, -573.03, 2236.44, -572.86, 2236.56,  50,   0, 151, 0.05
11:00:27.285,   221.60, -572.42, 2235.20, -572.25, 2235.33,  50,   1, 150, 0.05
11:00:28.293,   222.61, -571.82, 2234.03, -571.59, 2234.05,  70,   0, 151, 0.05
11:00:29.306,   223.61, -571.22, 2232.87, -571.00, 2232.84,  70,   0, 150, 0.05
11:00:30.306,   224.62, -570.46, 2231.44, -570.30, 2231.46,  70,   0, 150, 0.05
11:00:31.313,   225.63, -569.62, 2229.77, -569.48, 2229.85,  70,   1, 150, 0.05
11:00:32.318,   226.63, -568.74, 2228.15, -568.64, 2228.23,  70,   1, 149, 0.05
11:00:33.337,   227.64, -567.83, 2226.51, -567.76, 2226.58,  70,   0, 150, 0.05
11:00:34.333,   228.65, -566.96, 2224.87, -566.91, 2224.93,  70,   0, 150, 0.05
11:00:35.339,   229.65, -566.12, 2223.23, -566.06, 2223.29,  70,   1, 149, 0.05
11:00:36.346,   230.66, -565.24, 2221.59, -565.19, 2221.65,  70,   1, 149, 0.05
11:00:37.348,   231.66, -564.34, 2219.92, -564.30, 2219.98,  70,   0, 150, 0.05
11:00:38.351,   232.66, -563.49, 2218.30, -563.46, 2218.35,  70,   1, 149, 0.05
11:00:39.353,   233.67, -562.59, 2216.63, -562.57, 2216.69,  70,   1, 149, 0.05
11:00:40.358,   234.67, -561.74, 2215.02, -561.70, 2215.07,  70,   0, 150, 0.05
11:00:41.364,   235.68, -560.87, 2213.35, -560.85, 2213.40,  70,   0, 150, 0.05
11:00:42.365,   236.68, -559.97, 2211.74, -559.99, 2211.76,  70,   0, 150, 0.05
11:00:43.368,   237.68, -559.09, 2210.10, -559.13, 2210.11,  70,   0, 150, 0.05
11:00:44.375,   238.69, -558.22, 2208.46, -558.26, 2208.47,  70,   1, 149, 0.05
11:00:45.377,   239.69, -557.34, 2206.78, -557.36, 2206.82,  70,   0, 150, 0.05
11:00:46.382,   240.70, -556.44, 2205.17, -556.49, 2205.18,  70,   0, 150, 0.05
11:00:47.395,   241.71, -555.54, 2203.50, -555.60, 2203.51,  70,   0, 150, 0.05
11:00:48.400,   242.71, -554.69, 2201.93, -554.75, 2201.91,  70,   1, 149, 0.05
11:00:49.411,   243.72, -553.84, 2200.22, -553.84, 2200.26,  70,   1, 149, 0.05
11:00:50.416,   244.73, -552.90, 2198.58, -552.93, 2198.60,  70,   1, 149, 0.05
11:00:51.424,   245.74, -552.03, 2196.93, -552.04, 2196.96,  70,   1, 149, 0.05
11:00:52.430,   246.74, -551.16, 2195.25, -551.15, 2195.30,  70,   0, 150, 0.05
11:00:53.435,   247.75, -550.34, 2193.61, -550.30, 2193.66,  70,   0, 150, 0.05
11:00:54.446,   248.76, -549.44, 2191.94, -549.43, 2191.98,  70,   1, 149, 0.05
11:00:55.453,   249.77, -548.53, 2190.33, -548.55, 2190.35,  70,   0, 150, 0.05
11:00:56.457,   250.77, -547.66, 2188.68, -547.68, 2188.71,  70,   0, 150, 0.05
11:00:57.464,   251.78, -546.81, 2187.01, -546.82, 2187.05,  70,   0, 150, 0.05
11:00:58.465,   252.78, -545.91, 2185.40, -545.95, 2185.41,  70,   1, 149, 0.05
11:00:59.468,   253.78, -544.98, 2183.76, -545.04, 2183.77,  70,   1, 149, 0.05
11:01:00.475,   254.79, -544.10, 2182.16, -544.15, 2182.16,  70,   0, 150, 0.05
11:01:01.482,   255.79, -543.23, 2180.45, -543.26, 2180.48,  70,   1, 149, 0.05
11:01:02.483,   256.80, -542.35, 2178.84, -542.37, 2178.86,  70,   0, 150, 0.05
11:01:03.492,   257.81, -541.42, 2177.16, -541.47, 2177.18,  70,   1, 149, 0.05
11:01:04.496,   258.81, -539.73, 2173.88, -539.92, 2174.29,  70,   0, 150, 0.05
11:01:05.498,   259.81, -538.86, 2172.27, -538.91, 2172.38,  70,   0, 149, 0.05
11:01:06.507,   260.82, -537.95, 2170.63, -537.97, 2170.68,  70,   0, 149, 0.05
11:01:07.513,   261.83, -537.07, 2168.99, -537.07, 2169.02,  70,   1, 148, 0.05
11:01:08.514,   262.83, -536.14, 2167.31, -536.14, 2167.37,  70,   0, 149, 0.05
11:01:09.525,   263.84, -535.24, 2165.63, -535.23, 2165.69,  70,   1, 148, 0.05
11:01:10.524,   264.84, -534.33, 2164.03, -534.32, 2164.07,  70,   0, 149, 0.05
11:01:11.535,   265.85, -533.45, 2162.46, -533.45, 2162.48,  70,   1, 148, 0.05
11:01:12.542,   266.85, -532.58, 2160.82, -532.55, 2160.86,  70,   0, 149, 0.05
11:01:13.552,   267.86, -531.64, 2159.18, -531.66, 2159.21,  70,   0, 149, 0.05
11:01:14.552,   268.86, -530.77, 2157.54, -530.77, 2157.57,  70,   1, 148, 0.05
11:01:15.556,   269.87, -529.83, 2155.92, -529.85, 2155.95,  70,   0, 149, 0.05
11:01:16.557,   270.87, -528.87, 2154.32, -528.94, 2154.32,  70,   0, 149, 0.05
11:01:17.567,   271.88, -528.02, 2152.64, -528.04, 2152.67,  70,   0, 149, 0.05
11:01:18.576,   272.88, -527.15, 2151.00, -527.16, 2151.03,  70,   0, 149, 0.05
11:01:19.570,   273.88, -526.25, 2149.33, -526.25, 2149.37,  70,   1, 148, 0.05
11:01:20.572,   274.89, -525.38, 2147.69, -525.35, 2147.74,  70,   0, 149, 0.05
11:01:21.592,   275.90, -524.47, 2146.04, -524.46, 2146.09,  70,   0, 149, 0.05
11:01:22.583,   276.90, -523.57, 2144.40, -523.57, 2144.44,  70,   0, 149, 0.05
11:01:23.592,   277.90, -522.69, 2142.79, -522.69, 2142.82,  70,   0, 149, 0.05
11:01:24.592,   278.91, -521.82, 2141.15, -521.82, 2141.18,  70,   0, 149, 0.05
11:01:25.614,   279.91, -520.94, 2139.55, -520.94, 2139.57,  70,   0, 149, 0.05
11:01:26.601,   280.92, -520.01, 2137.91, -520.05, 2137.93,  70,   0, 149, 0.05
11:01:27.613,   281.92, -519.20, 2136.31, -519.19, 2136.33,  70,   0, 149, 0.05
11:01:28.617,   282.93, -518.26, 2134.62, -518.28, 2134.66,  70,   1, 148, 0.05
11:01:29.639,   283.94, -517.39, 2133.02, -517.38, 2133.05,  70,  -1, 151, 0.05
11:01:30.630,   284.94, -516.60, 2131.27, -516.55, 2131.34,  70,  -4, 149, 0.05
11:01:31.638,   285.95, -515.69, 2129.74, -515.70, 2129.75,  70,   0, 148, 0.05
11:01:32.642,   286.95, -514.73, 2128.13, -514.78, 2128.14,  70,   0, 148, 0.05
11:01:33.663,   287.96, -513.83, 2126.56, -513.87, 2126.55,  70,  -4, 143, 0.05
11:01:34.651,   288.96, -512.95, 2125.07, -512.89, 2125.10,  70,  -1, 150, 0.05
11:01:35.657,   289.97, -511.92, 2123.75, -512.07, 2123.62,  70,  -7, 137, 0.05
11:01:36.657,   290.97, -510.93, 2122.33, -510.94, 2122.31,  70,   1, 147, 0.05
11:01:37.660,   291.97, -509.87, 2121.24, -510.08, 2121.03,  70,   2, 147, 0.05
11:01:38.660,   292.97, -508.79, 2119.78, -509.10, 2119.61,  70,  -1, 151, 0.05
11:01:39.678,   293.98, -507.76, 2118.28, -508.15, 2118.07,  70,   2, 147, 0.05
11:01:40.667,   294.98, -506.74, 2116.71, -507.07, 2116.55,  70,   1, 148, 0.05
11:01:41.673,   295.99, -505.65, 2115.29, -506.03, 2115.09,  70,  -1, 152, 0.05
11:01:42.679,   296.99, -504.69, 2113.76, -505.08, 2113.56,  70,   0, 150, 0.05
11:01:43.688,   298.00, -503.57, 2112.12, -503.98, 2111.94,  70,   1, 149, 0.05
11:01:44.688,   299.00, -502.82, 2110.48, -502.97, 2110.41,  70,   0, 151, 0.05
11:01:45.696,   300.01, -502.18, 2108.83, -502.11, 2108.87,  70,   2, 149, 0.05
11:01:46.701,   301.01, -501.31, 2107.19, -501.19, 2107.29,  70,   0, 152, 0.05
11:01:47.704,   302.02, -500.50, 2105.44, -500.33, 2105.59,  70,   2, 149, 0.05
11:01:48.704,   303.02, -499.53, 2103.98, -499.43, 2104.05,  70,  -1, 153, 0.05
11:01:49.705,   304.02, -498.77, 2102.20, -498.61, 2102.33,  70,  -1, 153, 0.05
11:01:50.715,   305.02, -497.93, 2100.88, -497.88, 2100.87,  70,   0, 151, 0.05
11:01:51.719,   306.03, -496.73, 2099.06, -496.87, 2099.08,  70,  -3, 154, 0.05
11:01:52.724,   307.04, -495.91, 2097.89, -496.11, 2097.72,  70,  -1, 152, 0.05
11:01:53.727,   308.04, -495.00, 2096.43, -495.24, 2096.28,  70,   0, 151, 0.05
11:01:54.727,   309.04, -493.92, 2095.23, -494.32, 2094.98,  70,  -5, 157, 0.05
11:01:55.735,   310.05, -493.19, 2093.84, -493.55, 2093.59,  70,  -1, 153, 0.05
11:01:56.734,   311.05, -492.72, 2092.17, -492.74, 2092.13,  70,   0, 152, 0.05
11:01:57.735,   312.05, -491.84, 2090.41, -491.81, 2090.48,  70,   0, 152, 0.05
11:01:58.744,   313.06, -491.12, 2088.77, -490.96, 2088.87,  70,  -4, 156, 0.05
11:01:59.747,   314.06, -490.36, 2087.27, -490.26, 2087.31,  70,   0, 152, 0.05
11:02:00.747,   315.06, -489.57, 2085.45, -489.38, 2085.61,  70,   0, 152, 0.05
11:02:01.756,   316.07, -488.82, 2083.69, -488.55, 2083.90,  70,   0, 151, 0.05
11:02:02.783,   317.08, -487.98, 2082.05, -487.71, 2082.24,  70,   0, 150, 0.05
11:02:03.768,   318.08, -487.14, 2080.31, -486.84, 2080.54,  70,   1, 149, 0.05
11:02:04.772,   319.08, -486.23, 2078.59, -485.95, 2078.82,  70,   0, 150, 0.05
11:02:05.776,   320.09, -485.39, 2076.99, -485.12, 2077.17,  70,   0, 150, 0.05
11:02:06.801,   321.09, -484.45, 2075.30, -484.26, 2075.46,  70,   0, 149, 0.05
11:02:07.781,   322.09, -483.61, 2073.59, -483.38, 2073.78,  70,   1, 148, 0.05
11:02:08.784,   323.10, -482.76, 2071.95, -482.52, 2072.13,  70,   0, 147, 0.05
11:02:09.787,   324.10, -481.86, 2070.31, -481.63, 2070.49,  70,   0, 148, 0.05
11:02:10.805,   325.10, -480.95, 2068.67, -480.76, 2068.82,  70,   0, 147, 0.05
11:02:11.798,   326.11, -480.05, 2067.02, -479.87, 2067.17,  70,   0, 147, 0.05
11:02:12.805,   327.12, -479.11, 2065.38, -478.96, 2065.51,  70,   0, 146, 0.05
11:02:13.819,   328.13, -478.09, 2063.67, -477.99, 2063.80,  70,   0, 145, 0.05
11:02:14.833,   329.13, -477.15, 2062.17, -477.06, 2062.25,  70,   0, 145, 0.05
11:02:15.825,   330.14, -476.13, 2060.53, -476.08, 2060.61,  70,   1, 145, 0.05
11:02:16.831,   331.14, -475.04, 2059.04, -475.09, 2059.04,  52,   0, 144, 0.05
11:02:17.837,   332.15, -474.04, 2057.40, -474.12, 2057.52,  52,   0, 144, 0.05
11:02:18.837,   333.15, -473.26, 2056.15, -473.29, 2056.22,  52,   0, 144, 0.05
11:02:19.850,   334.18, -472.51, 2054.99, -472.52, 2055.02,  70,   0, 145, 0.05
11:02:20.877,   335.19, -471.76, 2053.86, -471.50, 2053.54,  70,  46, 172, 0.05
11:02:21.879,   336.19, -471.09, 2052.77, -471.04, 2052.22,  70,  10, 208, 0.05
11:02:22.880,   337.19, -471.06, 2051.49, -471.38, 2051.37,  70,   1, 217, 0.05
11:02:23.881,   338.19, -471.91, 2050.06, -472.24, 2050.20,  70,   0, 218, 0.05
11:02:24.900,   339.20, -473.02, 2048.60, -473.29, 2048.81,  70,   1, 217, 0.05
11:02:25.887,   340.20, -474.23, 2047.11, -474.40, 2047.29,  70,   1, 217, 0.05
11:02:26.893,   341.21, -475.19, 2045.75, -475.40, 2045.89,  70,   1, 217, 0.05
11:02:27.901,   342.21, -476.25, 2044.22, -476.45, 2044.40,  70,   0, 218, 0.05
11:02:28.928,   343.22, -477.43, 2042.73, -477.56, 2042.88,  70,   0, 218, 0.05
11:02:29.923,   344.22, -478.69, 2041.24, -478.72, 2041.33,  70,   0, 218, 0.05
11:02:30.917,   345.23, -479.71, 2039.85, -479.78, 2039.90,  70,   0, 218, 0.05
11:02:31.918,   346.23, -480.83, 2038.46, -480.84, 2038.48,  70,   1, 217, 0.05
11:02:32.925,   347.24, -481.95, 2036.75, -481.99, 2036.86,  70,   0, 218, 0.05
11:02:33.933,   348.25, -483.06, 2035.26, -483.11, 2035.34,  70,   1, 219, 0.05
11:02:34.935,   349.25, -484.21, 2033.76, -484.25, 2033.83,  70,   1, 219, 0.05
11:02:35.948,   350.25, -485.50, 2032.37, -485.42, 2032.36,  70,   0, 220, 0.05
11:02:36.978,   351.26, -486.78, 2031.02, -486.63, 2030.94,  70,   0, 220, 0.05
11:02:37.944,   352.26, -488.01, 2029.78, -487.80, 2029.62,  70,   0, 219, 0.05
11:02:38.953,   353.27, -489.25, 2028.36, -489.02, 2028.21,  70,   0, 218, 0.05
11:02:39.970,   354.27, -490.45, 2026.90, -490.23, 2026.77,  70,   0, 218, 0.05
11:02:40.969,   355.28, -491.63, 2025.44, -491.43, 2025.33,  70,   0, 217, 0.05
11:02:41.972,   356.29, -492.81, 2024.05, -492.60, 2023.92,  70,   0, 218, 0.05
11:02:42.982,   357.29, -493.98, 2022.59, -493.81, 2022.49,  70,   0, 218, 0.05
11:02:43.996,   358.30, -495.15, 2021.13, -495.01, 2021.06,  70,   0, 218, 0.05
11:02:44.989,   359.30, -496.33, 2019.71, -496.20, 2019.65,  70,   1, 217, 0.05
11:02:45.995,   360.31, -498.65, 2016.65, -498.32, 2017.00,  70,   0, 218, 0.05
11:02:46.997,   361.31, -499.89, 2015.19, -499.75, 2015.27,  70,   0, 218, 0.05
11:02:48.001,   362.31, -500.98, 2013.76, -500.95, 2013.79,  70,   0, 218, 0.05
11:02:49.009,   363.32, -502.18, 2012.27, -502.15, 2012.31,  70,   0, 217, 0.05
11:02:50.011,   364.32, -503.36, 2010.81, -503.32, 2010.83,  70,   1, 216, 0.05
11:02:51.014,   365.33, -504.50, 2009.43, -504.44, 2009.40,  70,   0, 217, 0.05
11:02:52.023,   366.34, -505.68, 2007.86, -505.64, 2007.88,  70,   1, 216, 0.05
11:02:53.030,   367.34, -506.80, 2006.44, -506.76, 2006.43,  70,   0, 217, 0.05
11:02:54.039,   368.35, -507.91, 2005.01, -507.89, 2005.01,  70,   1, 216, 0.05
11:02:55.043,   369.36, -509.06, 2003.55, -509.02, 2003.55,  70,   0, 217, 0.05
11:02:56.043,   370.36, -510.23, 2002.09, -510.18, 2002.09,  70,   0, 217, 0.05
11:02:57.053,   371.37, -511.41, 2000.60, -511.37, 2000.61,  70,   0, 217, 0.05
11:02:58.059,   372.37, -512.53, 1999.10, -512.52, 1999.14,  70,   1, 216, 0.05
11:02:59.067,   373.38, -513.70, 1997.68, -513.66, 1997.68,  70,   1, 216, 0.05
11:03:00.075,   374.39, -514.82, 1996.18, -514.80, 1996.20,  70,   0, 217, 0.05
11:03:01.076,   375.39, -516.00, 1994.68, -515.97, 1994.72,  70,   0, 217, 0.05
11:03:02.084,   376.40, -517.20, 1993.30, -517.14, 1993.28,  70,   1, 216, 0.05
11:03:03.084,   377.40, -518.41, 1991.76, -518.33, 1991.77,  70,   0, 218, 0.05
11:03:04.089,   378.40, -519.46, 1990.20, -519.51, 1990.29,  70,   1, 216, 0.05
11:03:05.097,   379.41, -520.58, 1988.70, -520.63, 1988.79,  70,   0, 216, 0.05
11:03:06.097,   380.41, -521.73, 1987.20, -521.76, 1987.28,  70,   0, 216, 0.05
11:03:07.105,   381.42, -522.84, 1985.64, -522.89, 1985.74,  70,   1, 215, 0.05
11:03:08.113,   382.42, -523.87, 1984.10, -523.96, 1984.21,  70,   1, 216, 0.05
11:03:09.118,   383.43, -525.04, 1982.64, -525.07, 1982.71,  70,   1, 216, 0.05
11:03:10.125,   384.44, -526.19, 1981.27, -526.17, 1981.26,  70,   0, 217, 0.05
11:03:11.132,   385.44, -527.34, 1979.77, -527.32, 1979.79,  70,   0, 217, 0.05
11:03:12.133,   386.44, -528.48, 1978.24, -528.48, 1978.29,  70,   1, 216, 0.05
11:03:13.135,   387.45, -529.57, 1976.81, -529.57, 1976.83,  70,   0, 217, 0.05
11:03:14.146,   388.46, -530.71, 1975.28, -530.72, 1975.33,  70,   1, 217, 0.05
11:03:15.148,   389.46, -531.95, 1973.82, -531.90, 1973.84,  70,   1, 216, 0.05
11:03:16.154,   390.47, -533.15, 1972.43, -533.04, 1972.38,  70,   0, 216, 0.05
11:03:17.165,   391.48, -534.33, 1970.87, -534.23, 1970.85,  70,   0, 217, 0.05
11:03:18.173,   392.48, -535.41, 1969.41, -535.37, 1969.41,  70,   0, 216, 0.05
11:03:19.173,   393.49, -536.59, 1967.91, -536.53, 1967.91,  70,   1, 215, 0.05
11:03:20.183,   394.50, -537.56, 1966.49, -537.57, 1966.49,  70,   0, 216, 0.05
11:03:21.193,   395.51, -538.73, 1964.92, -538.72, 1964.97,  70,   3, 214, 0.05
11:03:22.203,   396.52, -539.79, 1963.42, -539.79, 1963.45,  70,  -2, 218, 0.05
11:03:23.206,   397.52, -540.91, 1961.96, -540.94, 1962.01,  70,   1, 215, 0.05
11:03:24.209,   398.52, -541.99, 1960.43, -542.02, 1960.50,  70,   0, 216, 0.05
11:03:25.210,   399.52, -543.14, 1958.86, -543.16, 1958.94,  70,   1, 214, 0.05
11:03:26.211,   400.52, -544.59, 1956.42, -544.62, 1956.76,  52,   1, 214, 0.05
11:03:27.218,   401.53, -544.25, 1956.05, -544.80, 1956.19,  52,   1, 217, 0.05
11:03:28.228,   402.54, -545.21, 1956.05, -545.17, 1955.74,  52,   1, 221, 0.05
11:03:29.226,   403.54, -546.00, 1955.07, -545.94, 1954.94,  52,   1, 221, 0.05
11:03:30.229,   404.54, -546.97, 1954.09, -546.84, 1953.98,  52,   0, 220, 0.05
11:03:31.230,   405.56, -547.96, 1953.10, -547.78, 1952.97,  70,  -2, 218, 0.05
11:03:32.273,   406.57, -548.98, 1952.15, -549.05, 1951.71,  70,   9, 237, 0.05
11:03:33.254,   407.57, -549.92, 1951.20, -550.18, 1950.92,  70,   0, 245, 0.05
11:03:34.261,   408.57, -551.07, 1950.29, -551.31, 1950.39,  70,   1, 245, 0.05
11:03:35.264,   409.58, -552.73, 1949.45, -552.84, 1949.66,  70,   0, 246, 0.05
11:03:36.269,   410.58, -554.48, 1948.69, -554.53, 1948.88,  70,   0, 246, 0.05
11:03:37.270,   411.58, -556.20, 1947.96, -556.23, 1948.11,  70,   0, 246, 0.05
11:03:38.284,   412.59, -557.97, 1947.19, -557.98, 1947.31,  70,   1, 245, 0.05
11:03:39.281,   413.59, -559.63, 1946.50, -559.62, 1946.53,  70,   0, 246, 0.05
11:03:40.305,   414.60, -561.32, 1945.70, -561.32, 1945.75,  70,   1, 245, 0.05
11:03:41.291,   415.60, -563.04, 1944.97, -563.00, 1944.96,  70,   2, 244, 0.05
11:03:42.301,   416.61, -564.64, 1944.20, -564.62, 1944.17,  70,   0, 246, 0.05
11:03:43.311,   417.62, -566.32, 1943.54, -566.27, 1943.46,  70,   0, 247, 0.05
11:03:44.333,   418.63, -568.23, 1942.78, -568.12, 1942.70,  70,   1, 246, 0.05
11:03:45.330,   419.63, -569.89, 1942.08, -569.81, 1941.98,  70,   1, 245, 0.05
11:03:46.326,   420.64, -571.60, 1941.39, -571.51, 1941.25,  70,  -1, 248, 0.05
11:03:47.336,   421.65, -573.33, 1940.69, -573.25, 1940.59,  70,   1, 245, 0.05
11:03:48.340,   422.65, -575.07, 1939.86, -575.00, 1939.82,  70,   1, 245, 0.05
11:03:49.362,   423.66, -576.70, 1939.05, -576.68, 1939.06,  70,   1, 245, 0.05
11:03:50.356,   424.66, -578.39, 1938.32, -578.35, 1938.30,  70,   0, 246, 0.05
11:03:51.350,   425.66, -580.11, 1937.56, -580.08, 1937.56,  70,   1, 245, 0.05
11:03:52.358,   426.67, -581.89, 1936.79, -581.83, 1936.78,  70,   1, 245, 0.05
11:03:53.359,   427.67, -583.58, 1936.03, -583.54, 1936.02,  70,   0, 247, 0.05
11:03:54.362,   428.68, -585.27, 1935.19, -585.26, 1935.28,  70,   1, 245, 0.05
11:03:55.364,   429.68, -587.07, 1934.49, -587.02, 1934.49,  52,   0, 245, 0.05
11:03:56.374,   430.69, -588.67, 1933.76, -588.56, 1933.79,  52,   1, 244, 0.05
11:03:57.373,   431.69, -590.27, 1933.07, -590.13, 1933.07,  52,   0, 245, 0.05
11:03:58.384,   432.71, -591.60, 1932.52, -591.51, 1932.47,  70,   1, 245, 0.05
11:03:59.402,   433.72, -592.86, 1931.94, -593.18, 1931.79,  70,-152, 216, 0.05
11:04:00.404,   434.72, -594.14, 1931.43, -594.28, 1930.89,  70,-106, 172, 0.05
11:04:01.412,   435.73, -595.25, 1930.66, -594.90, 1930.26,  70, -63, 129, 0.05
11:04:02.414,   436.73, -595.61, 1929.49, -595.05, 1929.46,  70, -20,  86, 0.05
11:04:03.422,   437.73, -595.04, 1928.40, -594.71, 1929.04,  70,  -2,  68, 0.05
11:04:04.435,   438.73, -593.59, 1927.92, -593.76, 1929.04,  70,   0,  66, 0.05
11:04:05.431,   439.74, -591.93, 1928.22, -592.32, 1929.33,  70,   0,  66, 0.05
11:04:06.438,   440.75, -590.30, 1928.84, -590.68, 1929.76,  70,   0,  66, 0.05
11:04:07.442,   441.76, -588.56, 1929.57, -588.95, 1930.27,  70,  -1,  57, 0.05
11:04:08.450,   442.76, -586.87, 1930.22, -587.33, 1930.98,  70,   0,  55, 0.05
11:04:09.447,   443.76, -585.32, 1931.11, -585.74, 1931.75,  70,   0,  55, 0.05
11:04:10.456,   444.77, -583.79, 1932.12, -584.11, 1932.59,  70,  -1,  55, 0.05
11:04:11.459,   445.77, -582.25, 1933.11, -582.48, 1933.44,  70,   0,  54, 0.05
11:04:12.470,   446.77, -580.68, 1934.17, -580.85, 1934.36,  70,   0,  53, 0.05
11:04:13.467,   447.78, -579.12, 1935.22, -579.23, 1935.33,  70,   0,  53, 0.05
11:04:14.468,   448.78, -577.61, 1936.28, -577.66, 1936.31,  70,   0,  54, 0.05
11:04:15.477,   449.79, -576.07, 1937.34, -576.07, 1937.28,  70,   0,  55, 0.05
11:04:16.496,   450.79, -574.59, 1938.40, -574.53, 1938.24,  70,   1,  57, 0.05
11:04:17.484,   451.80, -572.96, 1939.42, -572.89, 1939.20,  70,   0,  60, 0.05
11:04:18.491,   452.80, -571.45, 1940.37, -571.32, 1940.07,  70,   0,  60, 0.05
11:04:19.497,   453.81, -569.86, 1941.24, -569.73, 1940.95,  70,   0,  59, 0.05
11:04:20.515,   454.81, -568.29, 1942.08, -568.18, 1941.85,  70,   0,  61, 0.05
11:04:21.503,   455.82, -566.51, 1943.10, -566.44, 1942.80,  70,   0,  61, 0.05
11:04:22.510,   456.82, -564.79, 1943.83, -564.76, 1943.67,  70,   0,  61, 0.05
11:04:23.543,   457.83, -563.23, 1944.63, -563.17, 1944.50,  70,   0,  62, 0.05
11:04:24.825,   459.12, -561.53, 1945.40, -561.43, 1945.36,  70,   0,  62, 0.05
11:04:25.818,   460.13, -558.25, 1947.05, -558.59, 1946.76,  70,   0,  62, 0.05
11:04:26.827,   461.14, -554.90, 1948.80, -555.34, 1948.40,  52,   0,  61, 0.05
11:04:27.829,   462.14, -553.51, 1949.53, -553.62, 1949.32,  52,   0,  61, 0.05
11:04:28.850,   463.15, -552.92, 1951.34, -552.45, 1950.27,  52,   0,  63, 0.05
11:04:29.838,   464.15, -552.30, 1950.76, -552.01, 1950.63,  52,   3,  69, 0.05
11:04:30.839,   465.15, -551.16, 1950.76, -551.11, 1950.94,  52,   3,  75, 0.05
11:04:31.852,   466.18, -550.11, 1951.20, -550.05, 1951.22,  70,   0,  78, 0.05
11:04:32.875,   467.18, -548.81, 1951.68, -548.40, 1951.57,  70, -17,  54, 0.05
11:04:33.871,   468.18, -547.30, 1951.68, -547.27, 1952.23,  70,  -2,  39, 0.05
11:04:34.871,   469.18, -546.04, 1952.48, -546.51, 1953.10,  70,   0,  37, 0.05
11:04:35.887,   470.19, -544.74, 1953.87, -545.45, 1954.43,  70,   0,  37, 0.05
11:04:36.878,   471.19, -543.59, 1955.14, -544.36, 1955.74,  70,   0,  37, 0.05
11:04:37.881,   472.19, -542.38, 1956.56, -543.18, 1957.13,  70,   0,  36, 0.05
11:04:38.881,   473.19, -541.27, 1958.02, -541.98, 1958.53,  70,   0,  36, 0.05
11:04:39.881,   474.19, -540.09, 1959.48, -540.74, 1959.93,  70,   0,  36, 0.05
11:04:40.917,   475.20, -538.88, 1960.98, -539.47, 1961.36,  70,   1,  34, 0.05
11:04:41.895,   476.21, -537.77, 1962.44, -538.26, 1962.77,  70,   0,  35, 0.05
11:04:42.905,   477.21, -536.69, 1963.90, -537.04, 1964.15,  70,  -1,  37, 0.05
11:04:43.920,   478.23, -535.48, 1965.32, -535.76, 1965.51,  70,   0,  35, 0.05
11:04:44.920,   479.23, -534.33, 1966.78, -534.55, 1966.91,  70,   1,  33, 0.05
11:04:45.925,   480.24, -533.30, 1968.23, -533.43, 1968.32,  70,   0,  34, 0.05
11:04:46.929,   481.24, -532.07, 1969.73, -532.21, 1969.79,  70,   0,  34, 0.05
11:04:47.947,   482.25, -530.98, 1971.15, -531.06, 1971.20,  70,  -1,  34, 0.05
11:04:48.940,   483.25, -529.81, 1972.65, -529.87, 1972.66,  70,  -1,  35, 0.05
11:04:49.941,   484.26, -528.60, 1974.11, -528.66, 1974.11,  70,   0,  33, 0.05
11:04:50.943,   485.26, -527.55, 1975.57, -527.55, 1975.55,  70,   0,  32, 0.05
11:04:51.969,   486.27, -526.49, 1977.10, -526.46, 1977.05,  70,   0,  32, 0.05
11:04:52.961,   487.27, -525.40, 1978.63, -525.36, 1978.56,  70,   1,  31, 0.05
11:04:53.962,   488.27, -524.35, 1980.17, -524.30, 1980.09,  70,   0,  33, 0.05
11:04:54.963,   489.28, -523.23, 1981.63, -523.20, 1981.57,  70,   0,  32, 0.05
11:04:55.987,   490.28, -522.18, 1983.16, -522.12, 1983.08,  70,   0,  32, 0.05
11:04:56.978,   491.29, -521.16, 1984.69, -521.06, 1984.59,  70,   0,  32, 0.05
11:04:57.981,   492.29, -520.10, 1986.26, -519.99, 1986.14,  70,   0,  32, 0.05
11:04:58.987,   493.30, -519.04, 1987.83, -518.93, 1987.70,  70,   1,  32, 0.05
11:05:00.015,   494.31, -518.07, 1989.36, -517.91, 1989.23,  70,   0,  32, 0.05
11:05:01.000,   495.31, -516.99, 1990.93, -516.86, 1990.79,  70,   0,  34, 0.05
11:05:02.012,   496.32, -515.96, 1992.46, -515.80, 1992.31,  70,   0,  34, 0.05
11:05:03.012,   497.33, -514.82, 1993.92, -514.72, 1993.81,  70,   0,  35, 0.05
11:05:04.030,   498.33, -513.70, 1995.41, -513.61, 1995.30,  70,   0,  35, 0.05
11:05:05.017,   499.33, -512.53, 1996.87, -512.49, 1996.80,  70,   0,  34, 0.05
11:05:06.024,   500.34, -511.44, 1998.37, -511.40, 1998.30,  70,   0,  34, 0.05
11:05:07.031,   501.34, -510.32, 1999.90, -510.29, 1999.83,  70,   0,  35, 0.05
11:05:08.057,   502.36, -509.24, 2001.36, -509.20, 2001.30,  70,   0,  35, 0.05
11:05:09.051,   503.36, -508.04, 2002.86, -508.05, 2002.82,  70,   0,  34, 0.05
11:05:10.055,   504.37, -506.95, 2004.28, -506.97, 2004.27,  70,   0,  34, 0.05
11:05:11.060,   505.37, -505.83, 2005.74, -505.88, 2005.74,  70,   0,  33, 0.05
11:05:12.084,   506.38, -504.78, 2007.13, -504.84, 2007.17,  70,   0,  34, 0.05
11:05:13.091,   507.39, -503.60, 2008.70, -503.68, 2008.70,  70,   0,  34, 0.05
11:05:14.114,   508.40, -502.52, 2010.12, -502.58, 2010.14,  70,   0,  33, 0.05
11:05:15.091,   509.40, -501.40, 2011.62, -501.48, 2011.64,  70,   0,  33, 0.05
11:05:16.101,   510.41, -500.28, 2013.10, -500.37, 2013.13,  70,   0,  33, 0.05
11:05:17.105,   511.41, -499.20, 2014.60, -499.27, 2014.62,  70,   0,  34, 0.05
11:05:18.111,   512.42, -498.14, 2016.06, -498.18, 2016.07,  70,   0,  34, 0.05
11:05:19.114,   513.42, -497.05, 2017.59, -497.06, 2017.56,  70,   0,  33, 0.05
11:05:20.110,   514.42, -495.97, 2019.12, -495.97, 2019.08,  70,  -1,  34, 0.05
11:05:21.118,   515.43, -494.83, 2020.66, -494.83, 2020.61,  70,   0,  33, 0.05
11:05:22.118,   516.43, -493.74, 2022.15, -493.75, 2022.12,  70,   0,  33, 0.05
11:05:23.122,   517.43, -492.68, 2023.68, -492.67, 2023.64,  70,   0,  33, 0.05
11:05:24.128,   518.44, -491.60, 2025.18, -491.59, 2025.14,  70,   0,  33, 0.05
11:05:25.128,   519.44, -490.51, 2026.71, -490.51, 2026.67,  70,   0,  32, 0.05
11:05:26.131,   520.44, -489.49, 2028.21, -489.47, 2028.18,  70,   0,  32, 0.05
11:05:27.140,   521.45, -488.40, 2029.70, -488.43, 2029.69,  70,   1,  31, 0.05
11:05:28.145,   522.45, -487.38, 2031.09, -487.44, 2031.13,  70,   0,  32, 0.05
11:05:29.144,   523.46, -486.26, 2032.44, -486.39, 2032.54,  70,  -1,  34, 0.05
11:05:30.149,   524.46, -484.93, 2033.83, -485.20, 2033.98,  70,   0,  31, 0.05
11:05:31.156,   525.47, -483.79, 2035.33, -484.06, 2035.48,  70,  -1,  33, 0.05
11:05:32.169,   526.47, -482.64, 2036.79, -482.88, 2036.92,  70,   0,  31, 0.05
11:05:33.170,   527.48, -481.46, 2038.43, -481.69, 2038.50,  70,  -1,  31, 0.05
11:05:34.169,   528.48, -480.50, 2039.96, -480.60, 2039.99,  70,   0,  29, 0.05
11:05:35.181,   529.49, -479.54, 2041.38, -479.62, 2041.43,  70,   0,  29, 0.05
11:05:36.175,   530.49, -478.54, 2042.92, -478.60, 2042.94,  70,   0,  28, 0.05
11:05:37.184,   531.50, -477.45, 2044.48, -477.56, 2044.51,  70,   0,  28, 0.05
11:05:38.193,   532.51, -476.40, 2046.12, -476.49, 2046.12,  70,  -1,  28, 0.05
11:05:39.199,   533.51, -475.49, 2047.58, -475.53, 2047.60,  52,   0,  26, 0.05
11:05:40.202,   534.51, -474.74, 2049.08, -474.73, 2048.98,  52,   0,  25, 0.05
11:05:41.210,   535.52, -473.98, 2050.58, -473.93, 2050.43,  52,   0,  26, 0.05
11:05:42.213,   536.53, -473.26, 2051.85, -473.19, 2051.74,  52,   1,  26, 0.05
11:05:43.221,   537.55, -472.63, 2053.05, -472.52, 2052.95,  70,   1,  29, 0.05
11:05:44.249,   538.56, -472.02, 2054.14, -471.77, 2054.59,  70, -32,   3, 0.05
11:05:45.256,   539.57, -471.21, 2055.35, -471.46, 2055.83,  70,  -6, 337, 0.05
11:05:46.278,   540.58, -470.70, 2056.60, -471.65, 2056.52,  70,  -1, 332, 0.05
11:05:47.266,   541.58, -471.15, 2058.16, -472.22, 2057.73,  70,   0, 331, 0.05
11:05:48.271,   542.58, -471.78, 2059.73, -472.90, 2059.17,  70,   0, 331, 0.06
11:05:49.274,   543.59, -472.51, 2061.30, -473.59, 2060.72,  70,   0, 330, 0.07
11:05:50.292,   544.59, -473.32, 2062.94, -474.33, 2062.37,  70,   0, 330, 0.05
11:05:51.285,   545.60, -474.13, 2064.54, -475.04, 2064.05,  70,  -1, 332, 0.05
11:05:52.294,   546.61, -474.95, 2066.26, -475.71, 2065.83,  70,   0, 330, 0.05
11:05:53.295,   547.61, -475.77, 2067.87, -476.39, 2067.53,  70,   0, 330, 0.05
11:05:54.320,   548.62, -476.58, 2069.58, -477.09, 2069.28,  70,   0, 329, 0.05
11:05:55.306,   549.62, -477.30, 2071.29, -477.79, 2071.01,  70,   0, 329, 0.05
11:05:56.311,   550.62, -478.00, 2072.93, -478.45, 2072.70,  70,  -2, 331, 0.05
11:05:57.309,   551.62, -478.75, 2074.47, -479.06, 2074.34,  70,  -1, 330, 0.05
11:05:58.329,   552.62, -479.47, 2076.11, -479.71, 2075.99,  70,   0, 329, 0.05
11:05:59.313,   553.63, -480.26, 2077.76, -480.42, 2077.66,  70,   0, 328, 0.05
11:06:00.320,   554.63, -481.05, 2079.40, -481.17, 2079.32,  70,   0, 329, 0.05
11:06:01.322,   555.64, -481.83, 2080.96, -481.88, 2080.93,  70,   0, 328, 0.05
11:06:02.342,   556.64, -482.64, 2082.57, -482.64, 2082.55,  70,   0, 328, 0.05
11:06:03.336,   557.65, -483.43, 2084.14, -483.40, 2084.15,  70,   0, 328, 0.05
11:06:04.333,   558.65, -484.18, 2085.74, -484.16, 2085.74,  70,   0, 327, 0.05
11:06:05.335,   559.65, -484.97, 2087.34, -484.96, 2087.34,  70,   0, 327, 0.05
11:06:06.341,   560.65, -485.96, 2088.84, -485.80, 2088.91,  70,   0, 326, 0.05
11:06:07.342,   561.66, -487.89, 2091.94, -487.37, 2091.72,  70,   0, 327, 0.05
11:06:08.346,   562.66, -488.89, 2093.54, -488.47, 2093.61,  70,   0, 326, 0.05
11:06:09.349,   563.66, -489.88, 2095.04, -489.48, 2095.21,  70,   0, 326, 0.05
11:06:10.352,   564.66, -490.81, 2096.57, -490.47, 2096.75,  70,   1, 325, 0.05
11:06:11.357,   565.67, -491.75, 2098.10, -491.46, 2098.25,  70,   0, 327, 0.05
11:06:12.357,   566.67, -492.59, 2099.64, -492.38, 2099.76,  70,   2, 324, 0.05
11:06:13.375,   567.67, -493.53, 2100.92, -493.31, 2101.09,  70,   0, 326, 0.05
11:06:14.361,   568.67, -494.49, 2102.45, -494.27, 2102.57,  70,   0, 328, 0.05
11:06:15.370,   569.68, -495.37, 2103.94, -495.17, 2104.07,  70,   2, 325, 0.05
11:06:16.387,   570.69, -496.28, 2105.48, -496.14, 2105.55,  70,   0, 328, 0.05
11:06:17.378,   571.69, -496.94, 2107.01, -496.96, 2107.02,  70,   0, 328, 0.05
11:06:18.383,   572.70, -497.72, 2108.58, -497.78, 2108.55,  70,  -1, 329, 0.05
11:06:19.414,   573.70, -498.45, 2110.14, -498.56, 2110.09,  70,   0, 328, 0.05
11:06:20.426,   574.71, -499.47, 2111.82, -499.47, 2111.77,  70,  -1, 328, 0.05
11:06:21.401,   575.71, -500.41, 2113.42, -500.38, 2113.40,  70,   0, 327, 0.05
11:06:22.410,   576.72, -501.34, 2114.92, -501.28, 2114.95,  70,   0, 327, 0.05
11:06:23.414,   577.73, -502.33, 2116.50, -502.23, 2116.53,  70,   0, 326, 0.05
11:06:24.433,   578.73, -503.21, 2118.07, -503.17, 2118.07,  70,   0, 326, 0.05
11:06:25.418,   579.73, -504.05, 2119.74, -504.10, 2119.67,  70,   0, 327, 0.05
11:06:26.423,   580.74, -505.11, 2121.24, -505.04, 2121.25,  70,   0, 326, 0.05
11:06:27.425,   581.74, -506.10, 2122.73, -506.00, 2122.78,  70,   1, 325, 0.05
11:06:28.442,   582.74, -507.10, 2124.23, -506.99, 2124.28,  70,   0, 327, 0.05
11:06:29.429,   583.74, -508.04, 2125.83, -507.94, 2125.85,  70,   0, 327, 0.05
11:06:30.429,   584.74, -509.03, 2127.44, -508.92, 2127.46,  70,   0, 327, 0.05
11:06:31.431,   585.75, -510.02, 2129.01, -509.90, 2129.05,  70,   1, 326, 0.05
11:06:32.443,   586.75, -511.02, 2130.54, -510.90, 2130.59,  70,   0, 327, 0.05
11:06:33.437,   587.75, -511.98, 2132.07, -511.86, 2132.12,  70,   0, 327, 0.05
11:06:34.443,   588.76, -512.92, 2133.60, -512.82, 2133.65,  70,   0, 327, 0.05
11:06:35.444,   589.76, -513.94, 2135.24, -513.83, 2135.26,  70,   0, 327, 0.05
11:06:36.450,   590.76, -514.94, 2136.74, -514.81, 2136.80,  70,   1, 326, 0.05
11:06:37.448,   591.76, -515.90, 2138.27, -515.81, 2138.31,  70,   0, 327, 0.05
11:06:38.457,   592.77, -516.93, 2139.80, -516.80, 2139.86,  70,   0, 327, 0.05
11:06:39.459,   593.77, -517.86, 2141.41, -517.79, 2141.42,  70,   0, 327, 0.05
11:06:40.465,   594.78, -518.86, 2142.94, -518.78, 2142.97,  70,   0, 328, 0.05
11:06:41.469,   595.78, -519.82, 2144.51, -519.74, 2144.53,  70,   0, 328, 0.05
11:06:42.478,   596.79, -520.76, 2146.07, -520.70, 2146.09,  70,   0, 329, 0.05
11:06:43.482,   597.79, -521.67, 2147.65, -521.62, 2147.65,  70,   1, 328, 0.05
11:06:44.483,   598.80, -522.54, 2149.29, -522.56, 2149.24,  70,   1, 328, 0.05
11:06:45.490,   599.80, -523.48, 2150.86, -523.49, 2150.82,  70,   0, 329, 0.05
11:06:46.494,   600.81, -524.32, 2152.50, -524.39, 2152.43,  70,   0, 329, 0.05
11:06:47.506,   601.81, -525.25, 2154.10, -525.29, 2154.04,  70,   1, 328, 0.05
11:06:48.509,   602.82, -526.16, 2155.67, -526.21, 2155.62,  70,   0, 329, 0.05
11:06:49.503,   603.82, -527.06, 2157.24, -527.09, 2157.20,  70,   1, 328, 0.05
11:06:50.513,   604.82, -528.02, 2158.81, -528.03, 2158.78,  70,   0, 329, 0.05
11:06:51.508,   605.82, -528.93, 2160.41, -528.93, 2160.38,  70,   1, 328, 0.05
11:06:52.512,   606.83, -529.83, 2162.02, -529.86, 2161.98,  70,   0, 329, 0.05
11:06:53.516,   607.83, -530.74, 2163.63, -530.76, 2163.59,  70,   0, 329, 0.05
11:06:54.522,   608.84, -531.71, 2165.27, -531.69, 2165.23,  70,   0, 329, 0.05
11:06:55.523,   609.84, -532.52, 2166.87, -532.57, 2166.82,  70,   0, 329, 0.05
11:06:56.530,   610.84, -533.39, 2168.48, -533.45, 2168.43,  70,   0, 329, 0.05
11:06:57.538,   611.85, -534.33, 2170.08, -534.35, 2170.04,  70,   0, 329, 0.05
11:06:58.542,   612.85, -535.18, 2171.72, -535.23, 2171.66,  70,   0, 329, 0.05
11:06:59.547,   613.86, -536.05, 2173.36, -536.12, 2173.29,  70,   0, 328, 0.05
11:07:00.556,   614.87, -536.99, 2174.97, -537.03, 2174.92,  70,   0, 329, 0.05
11:07:01.563,   615.87, -537.89, 2176.58, -537.92, 2176.53,  70,   0, 329, 0.05
11:07:02.563,   616.88, -538.80, 2178.18, -538.80, 2178.14,  70,   0, 329, 0.05
11:07:03.565,   617.88, -539.67, 2179.75, -539.67, 2179.73,  70,   0, 329, 0.05
11:07:04.572,   618.89, -540.61, 2181.39, -540.59, 2181.36,  70,   0, 328, 0.05
11:07:05.589,   619.89, -541.51, 2183.03, -541.52, 2182.99,  70,   0, 328, 0.05
11:07:06.592,   620.90, -542.42, 2184.64, -542.43, 2184.60,  70,   0, 328, 0.05
11:07:07.594,   621.91, -543.35, 2186.20, -543.34, 2186.18,  70,   0, 328, 0.05
11:07:08.595,   622.91, -544.28, 2187.81, -544.27, 2187.79,  70,   1, 327, 0.05
11:07:09.617,   623.92, -545.19, 2189.46, -545.22, 2189.40,  70,   0, 328, 0.05
11:07:10.605,   624.92, -546.12, 2191.06, -546.13, 2191.02,  70,   0, 328, 0.05
11:07:11.611,   625.93, -547.06, 2192.67, -547.05, 2192.63,  70,   0, 328, 0.05
11:07:12.615,   626.93, -548.00, 2194.27, -547.98, 2194.24,  70,   0, 328, 0.05
11:07:13.637,   627.94, -548.93, 2195.84, -548.90, 2195.83,  70,   0, 328, 0.05
11:07:14.632,   628.94, -549.86, 2197.48, -549.83, 2197.46,  70,   0, 328, 0.05
11:07:15.629,   629.94, -550.79, 2199.08, -550.76, 2199.06,  70,   0, 328, 0.05
11:07:16.639,   630.95, -551.73, 2200.65, -551.69, 2200.65,  70,   0, 328, 0.05
11:07:17.663,   631.96, -552.67, 2202.29, -552.63, 2202.28,  70,   0, 328, 0.05
11:07:18.652,   632.97, -553.63, 2203.86, -553.57, 2203.87,  70,   0, 328, 0.05
11:07:19.657,   633.97, -554.56, 2205.51, -554.52, 2205.49,  70,   0, 328, 0.05
11:07:20.664,   634.98, -555.50, 2207.08, -555.45, 2207.08,  70,   0, 328, 0.05
11:07:21.671,   635.98, -556.44, 2208.72, -556.40, 2208.70,  70,   0, 328, 0.05
11:07:22.673,   636.99, -557.37, 2210.28, -557.33, 2210.28,  70,   0, 328, 0.05
11:07:23.676,   637.99, -558.31, 2211.96, -558.29, 2211.92,  70,   0, 328, 0.05
11:07:24.677,   638.99, -559.24, 2213.49, -559.20, 2213.49,  70,   0, 328, 0.05
11:07:25.682,   640.00, -560.14, 2215.10, -560.13, 2215.08,  70,   0, 328, 0.05
11:07:26.685,   641.00, -561.08, 2216.70, -561.06, 2216.68,  70,   0, 328, 0.05
11:07:27.686,   642.00, -562.02, 2218.35, -562.01, 2218.31,  70,   0, 328, 0.05
11:07:28.688,   643.00, -562.89, 2219.95, -562.92, 2219.90,  70,   0, 328, 0.05
11:07:29.697,   644.01, -563.79, 2221.56, -563.83, 2221.51,  70,   0, 328, 0.05
11:07:30.702,   645.01, -564.76, 2223.20, -564.77, 2223.15,  70,   0, 328, 0.05
11:07:31.700,   646.01, -565.66, 2224.80, -565.68, 2224.75,  70,   0, 328, 0.05
11:07:32.704,   647.02, -566.60, 2226.41, -566.61, 2226.37,  70,   0, 328, 0.05
11:07:33.710,   648.03, -567.51, 2227.97, -567.51, 2227.95,  70,   0, 328, 0.05
11:07:34.718,   649.03, -568.38, 2229.61, -568.42, 2229.56,  70,   0, 328, 0.05
11:07:35.722,   650.04, -569.34, 2231.22, -569.34, 2231.18,  70,   1, 327, 0.05
11:07:36.728,   651.04, -570.28, 2232.87, -570.30, 2232.81,  70,   1, 327, 0.05
11:07:37.735,   652.05, -571.22, 2234.44, -571.23, 2234.40,  70,   0, 328, 0.05
11:07:38.734,   653.05, -572.15, 2236.00, -572.14, 2235.98,  70,   0, 328, 0.05
11:07:39.744,   654.06, -573.09, 2237.61, -573.06, 2237.59,  70,   1, 327, 0.05
11:07:40.749,   655.06, -574.02, 2239.21, -574.01, 2239.18,  70,   0, 328, 0.05
11:07:41.765,   656.08, -574.99, 2240.82, -574.95, 2240.81,  52,   0, 328, 0.05
11:07:42.763,   657.08, -575.92, 2242.38, -575.81, 2242.30,  52,   0, 328, 0.05
11:07:43.774,   658.09, -576.67, 2243.63, -576.59, 2243.61,  52,   0, 328, 0.05
11:07:44.779,   659.09, -575.58, 2244.08, -576.49, 2243.92,  52,   1, 327, 0.05
11:07:45.790,   660.10, -577.37, 2246.00, -577.46, 2245.69,  52,  -1, 324, 0.05
11:07:46.787,   661.12, -578.06, 2246.00, -577.91, 2246.31,  70,  -2, 318, 0.05
11:07:47.804,   662.12, -578.76, 2247.12, -579.23, 2247.30,  70, -43, 285, 0.05
11:07:48.805,   663.12, -580.50, 2249.21, -580.51, 2247.92,  70,  -8, 251, 0.05
11:07:49.813,   664.13, -581.83, 2249.42, -581.36, 2247.85,  70,  -1, 238, 0.05
11:07:50.818,   665.13, -583.40, 2248.85, -582.54, 2247.27,  70,   0, 235, 0.05
11:07:51.835,   666.14, -584.96, 2247.85, -584.00, 2246.45,  70,   0, 234, 0.05
11:07:52.830,   667.14, -586.53, 2246.76, -585.61, 2245.53,  70,  -4, 233, 0.05
11:07:53.833,   668.15, -588.07, 2245.71, -587.19, 2244.64,  70,  -5, 228, 0.05
11:07:54.842,   669.16, -589.52, 2244.54, -588.71, 2243.65,  70,  -2, 225, 0.05
11:07:55.861,   670.16, -590.88, 2243.45, -590.19, 2242.61,  70,   2, 230, 0.05
11:07:56.864,   671.17, -592.11, 2242.35, -591.69, 2241.74,  70,   0, 232, 0.05
11:07:57.862,   672.18, -593.62, 2241.19, -593.32, 2240.81,  70,   0, 232, 0.05
11:07:58.877,   673.18, -595.01, 2240.05, -594.87, 2239.88,  52,   0, 230, 0.05
11:07:59.891,   674.18, -596.42, 2238.89, -596.29, 2238.91,  52,   0, 228, 0.05
11:08:00.870,   675.18, -597.45, 2237.90, -597.47, 2238.01,  52,   0, 228, 0.05
11:08:01.877,   676.19, -598.57, 2236.99, -598.61, 2237.12,   0,   1, 229, 0.05
