10:43:53.005,   522.57, -708.76, 1847.71,    0.00,    0.00,   0,   0, 311, 213
10:43:54.014,   523.58, -708.76, 1847.71,    0.00,    0.00,   0,   0, 311, 213
10:43:55.021,   524.59, -708.76, 1847.71,    0.00,    0.00,   0,   0, 311, 213
10:43:56.025,   525.59, -708.79, 1847.71,    0.00,    0.00,  10,   1, 310, 212
10:43:57.034,   526.60, -708.89, 1847.78,    0.00,    0.00,  10,   1, 310, 212
10:43:58.034,   527.60, -709.10, 1847.96,    0.00,    0.00,  10,   1, 310, 212
10:43:59.039,   528.61, -709.31, 1848.19,    0.00,    0.00,  10,   0, 311, 213
10:44:00.048,   529.62, -709.51, 1848.37,    0.00,    0.00,  10,   2, 309, 211
10:44:01.051,   530.62, -709.76, 1848.58,    0.00,    0.00,  10,   1, 310, 212
10:44:02.051,   531.62, -710.00, 1848.76,    0.00,    0.00,  10,   1, 310, 212
10:44:03.055,   532.62, -710.21, 1848.95,    0.00,    0.00,  20,   1, 310, 212
10:44:04.062,   533.63, -710.51, 1849.28,    0.00,    0.00,  20,   1, 310, 212
10:44:05.070,   534.64, -710.96, 1849.67,    0.00,    0.00,  20,   0, 311, 213
10:44:06.073,   535.64, -711.42, 1850.08,    0.00,    0.00,  20,   1, 310, 212
10:44:07.080,   536.65, -711.87, 1850.44,    0.00,    0.00,  20,   1, 310, 212
10:44:08.090,   537.66, -712.32, 1850.85,    0.00,    0.00,  20,   1, 309, 211
10:44:09.097,   538.67, -712.81, 1851.22,    0.00,    0.00,  20,   2, 309, 211
10:44:10.106,   539.68, -713.28, 1851.58,    0.00,    0.00,  20,   1, 310, 212
10:44:11.112,   540.68, -713.74, 1851.98,    0.00,    0.00,  20,   1, 310, 212
10:44:12.116,   541.69, -714.19, 1852.38,    0.00,    0.00,  20,   1, 310, 212
10:44:13.117,   542.69, -714.67, 1852.78,    0.00,    0.00,  20,   1, 310, 212
10:44:14.124,   543.69, -715.09, 1853.18,    0.00,    0.00,  20,   2, 309, 211
10:44:15.129,   544.70, -715.58, 1853.55,    0.00,    0.00,  30,   0, 311, 213
10:44:16.132,   545.70, -716.15, 1854.02,    0.00,    0.00,  30,   1, 310, 212
10:44:17.132,   546.70, -716.84, 1854.60,    0.00,    0.00,  30,   1, 310, 212
10:44:18.141,   547.71, -717.54, 1855.19,    0.00,    0.00,  30,   1, 310, 212
10:44:19.145,   548.71, -718.17, 1855.73,    0.00,    0.00,  30,   2, 309, 211
10:44:20.148,   549.72, -718.90, 1856.32,    0.00,    0.00,  30,   2, 309, 211
10:44:21.149,   550.72, -719.59, 1856.90,    0.00,    0.00,  30,   1, 310, 212
10:44:22.154,   551.72, -720.28, 1857.49,    0.00,    0.00,  30,   1, 310, 212
10:44:23.155,   552.73, -721.01, 1858.11,    0.00,    0.00,  30,   2, 311, 213
10:44:24.165,   553.73, -721.64, 1858.65,    0.00,    0.00,  30,   2, 311, 213
10:44:25.172,   554.74, -722.27, 1859.24,    0.00,    0.00,  30,   1, 312, 214
10:44:26.176,   555.75, -723.57, 1860.44,    0.00,    0.00,  30,   2, 313, 215
10:44:27.179,   556.75, -724.17, 1861.10,    0.00,    0.00,  30,   1, 314, 216
10:44:28.189,   557.76, -724.78, 1861.71,    0.00,    0.00,  30,   2, 313, 215
10:44:29.197,   558.77, -725.41, 1862.37,    0.00,    0.00,  30,   1, 314, 216
10:44:30.200,   559.77, -726.04, 1863.03,    0.00,    0.00,  30,   1, 314, 216
10:44:31.207,   560.78, -726.68, 1863.65,    0.00,    0.00,  30,   1, 314, 216
10:44:32.210,   561.78, -727.31, 1864.27,    0.00,    0.00,  30,   2, 314, 216
10:44:33.219,   562.79, -727.97, 1864.93,    0.00,    0.00,  30,   2, 315, 217
10:44:34.226,   563.80, -728.61, 1865.54,    0.00,    0.00,  30,   1, 316, 218
10:44:35.231,   564.80, -729.21, 1866.20,    0.00,    0.00,  30,   0, 317, 219
10:44:36.232,   565.80, -729.85, 1866.90,    0.00,    0.00,  30,   1, 316, 218
10:44:37.241,   566.81, -730.47, 1867.55,    0.00,    0.00,  30,   1, 316, 218
10:44:38.243,   567.81, -731.11, 1868.21,    0.00,    0.00,  30,   2, 316, 218
10:44:39.244,   568.81, -731.68, 1868.87,    0.00,    0.00,  30,   1, 318, 220
10:44:40.251,   569.82, -732.28, 1869.53,    0.00,    0.00,  30,   1, 318, 220
10:44:41.260,   570.83, -732.89, 1870.22,    0.00,    0.00,  30,   1, 318, 220
10:44:42.265,   571.83, -733.46, 1870.87,    0.00,    0.00,  30,   1, 318, 220
10:44:43.273,   572.84, -734.03, 1871.60,    0.00,    0.00,  40,   1, 318, 220
10:44:44.273,   573.84, -734.79, 1872.52,    0.00,    0.00,  40,   0, 319, 221
10:44:45.276,   574.85, -735.58, 1873.39,    0.00,    0.00,  40,   1, 318, 220
10:44:46.276,   575.85, -736.33, 1874.34,    0.00,    0.00,  40,   1, 318, 220
10:44:47.281,   576.85, -737.08, 1875.21,    0.00,    0.00,  40,   1, 318, 220
10:44:48.291,   577.86, -737.84, 1876.12,    0.00,    0.00,  40,   2, 317, 219
10:44:49.295,   578.86, -738.71, 1877.03,    0.00,    0.00,  40,   2, 318, 220
10:44:50.300,   579.87, -739.46, 1877.95,    0.00,    0.00,  40,   3, 317, 219
10:44:51.301,   580.87, -740.25, 1878.86,    0.00,    0.00,  40,   1, 319, 221
10:44:52.309,   581.88, -740.94, 1879.77,    0.00,    0.00,  40,   2, 318, 220
10:44:53.316,   582.89, -741.72, 1880.54,    0.00,    0.00,  40,   3, 319, 221
10:44:54.317,   583.89, -742.48, 1881.56,    0.00,    0.00,  40,   1, 321, 223
10:44:55.325,   584.89, -743.20, 1882.48,    0.00,    0.00,  40,   1, 321, 223
10:44:56.334,   585.90, -743.93, 1883.42,    0.00,    0.00,  40,   0, 322, 224
10:44:57.341,   586.91, -744.65, 1884.37,    0.00,    0.00,  40,   0, 321, 223
10:44:58.345,   587.92, -745.40, 1885.32,    0.00,    0.00,  40,   1, 320, 222
10:44:59.350,   588.92, -746.16, 1886.24,    0.00,    0.00,  40,   0, 320, 222
10:45:00.358,   589.93, -746.91, 1887.18,    0.00,    0.00,  40,   0, 320, 222
10:45:01.360,   590.93, -747.70, 1888.16,    0.00,    0.00,  40,   1, 319, 221
10:45:02.360,   591.93, -748.51, 1889.04,    0.00,    0.00,  40,   1, 318, 220
10:45:03.364,   592.93, -749.26, 1889.91,    0.00,    0.00,  40,   1, 318, 220
10:45:04.365,   593.93, -749.98, 1890.80,    0.00,    0.00,  40,   1, 318, 220
10:45:05.375,   594.94, -750.81, 1891.67,    0.00,    0.00,  40,   1, 318, 220
10:45:06.377,   595.95, -751.62, 1892.58,    0.00,    0.00,  40,   1, 318, 220
10:45:07.379,   596.95, -752.43, 1893.49,    0.00,    0.00,  40,   1, 318, 220
10:45:08.384,   597.95, -753.24, 1894.36,    0.00,    0.00,  40,   1, 318, 220
10:45:09.391,   598.96, -754.00, 1895.20,    0.00,    0.00,  40,   1, 318, 220
10:45:10.400,   599.97, -754.81, 1896.16,    0.00,    0.00,  40,   0, 319, 221
10:45:11.407,   600.98, -755.56, 1897.03,    0.00,    0.00,  40,   1, 318, 220
10:45:12.416,   601.99, -756.32, 1897.94,    0.00,    0.00,  40,   2, 317, 219
10:45:13.423,   602.99, -757.10, 1898.82,    0.00,    0.00,  40,   0, 319, 221
10:45:14.425,   603.99, -757.89, 1899.76,    0.00,    0.00,  40,   3, 321, 223
10:45:15.428,   605.00, -758.65, 1900.65,    0.00,    0.00,  40,   1, 323, 225
10:45:16.438,   606.01, -759.37, 1901.56,    0.00,    0.00,  40,   1, 323, 225
10:45:17.444,   607.01, -760.06, 1902.50,    0.00,    0.00,  40,   1, 323, 225
10:45:18.447,   608.02, -760.76, 1903.48,    0.00,    0.00,  40,   1, 323, 225
10:45:19.451,   609.02, -761.48, 1904.44,    0.00,    0.00,  40,   1, 323, 225
10:45:20.464,   610.03, -762.20, 1905.39,    0.00,    0.00,  40,   3, 323, 225
10:45:21.466,   611.04, -762.89, 1906.37,    0.00,    0.00,  40,   1, 325, 227
10:45:22.469,   612.04, -763.59, 1907.31,    0.00,    0.00,  40,   0, 326, 228
10:45:23.470,   613.04, -764.25, 1908.31,    0.00,    0.00,  40,   2, 324, 226
10:45:24.472,   614.04, -764.89, 1909.25,    0.00,    0.00,  40,   2, 324, 226
10:45:25.481,   615.05, -765.58, 1910.20,    0.00,    0.00,  40,   3, 326, 228
10:45:26.486,   616.06, -766.24, 1911.18,    0.00,    0.00,  40,   2, 327, 229
10:45:27.489,   617.06, -766.91, 1912.10,    0.00,    0.00,  40,   2, 326, 228
10:45:28.497,   618.07, -767.54, 1913.12,    0.00,    0.00,  40,   1, 327, 229
10:45:29.500,   619.07, -768.20, 1914.06,    0.00,    0.00,  40,   1, 327, 229
10:45:30.508,   620.08, -768.92, 1915.01,    0.00,    0.00,  40,   2, 327, 229
10:45:31.510,   621.08, -769.59, 1915.97,    0.00,    0.00,  40,   2, 329, 231
10:45:32.514,   622.08, -770.28, 1916.91,    0.00,    0.00,  40,   1, 330, 232
10:45:33.522,   623.09, -770.86, 1917.89,    0.00,    0.00,  40,   2, 329, 231
10:45:34.528,   624.10, -771.49, 1918.80,    0.00,    0.00,  40,   1, 330, 232
10:45:35.537,   625.11, -772.07, 1919.87,    0.00,    0.00,  40,   2, 329, 231
10:45:36.542,   626.11, -772.69, 1920.85,    0.00,    0.00,  40,   2, 329, 231
10:45:37.542,   627.11, -773.24, 1921.87,    0.00,    0.00,  40,   4, 332, 234
10:45:38.551,   628.12, -773.81, 1922.86,    0.00,    0.00,  40,   3, 333, 235
10:45:39.555,   629.13, -774.33, 1923.88,    0.00,    0.00,  40,   2, 334, 236
10:45:40.557,   630.13, -774.78, 1925.01,    0.00,    0.00,  40,   1, 335, 237
10:45:41.563,   631.13, -775.32, 1926.00,    0.00,    0.00,  40,   2, 334, 236
10:45:42.565,   632.14, -775.77, 1927.01,    0.00,    0.00,  40,   2, 334, 236
10:45:43.567,   633.14, -775.77, 1928.01,    0.00,    0.00,  40,   2, 334, 236
10:45:44.568,   634.14, -776.29, 1928.01,    0.00,    0.00,  40,   2, 334, 236
10:45:45.572,   635.14, -776.77, 1929.10,    0.00,    0.00,  40,   2, 334, 236
10:45:46.580,   636.15, -777.19, 1930.15,    0.00,    0.00,  40,   1, 333, 235
10:45:47.585,   637.15, -777.73, 1931.25,    0.00,    0.00,  40,   1, 333, 235
10:45:48.591,   638.16, -778.25, 1932.30,    0.00,    0.00,  40,   1, 333, 235
10:45:49.595,   639.17, -778.73, 1933.40,    0.00,    0.00,  40,   1, 333, 235
10:45:50.600,   640.17, -779.21, 1934.46,    0.00,    0.00,  40,   1, 333, 235
10:45:51.602,   641.17, -779.72, 1935.48,    0.00,    0.00,  40,   2, 332, 234
10:45:52.603,   642.17, -780.21, 1936.58,    0.00,    0.00,  40,   1, 333, 235
10:45:53.604,   643.17, -780.78, 1937.63,    0.00,    0.00,  40,   1, 333, 235
10:45:54.609,   644.18, -781.29, 1938.66,    0.00,    0.00,  40,  -2, 331, 233
10:45:55.618,   645.19, -781.80, 1939.71,    0.00,    0.00,  40,   1, 328, 230
10:45:56.623,   646.19, -782.25, 1940.80,    0.00,    0.00,  40,   1, 328, 230
10:45:57.633,   647.20, -782.77, 1941.87,    0.00,    0.00,  40,   1, 328, 230
10:45:58.637,   648.21, -783.43, 1942.85,    0.00,    0.00,  40,   2, 327, 229
10:45:59.644,   649.21, -784.04, 1943.87,    0.00,    0.00,  40,   1, 328, 230
10:46:00.646,   650.22, -784.58, 1944.89,    0.00,    0.00,  40,   1, 328, 230
10:46:01.650,   651.22, -785.18, 1945.88,    0.00,    0.00,  40,   1, 328, 230
10:46:02.655,   652.22, -785.79, 1946.89,    0.00,    0.00,  40,   1, 328, 230
10:46:03.660,   653.23, -786.39, 1947.89,    0.00,    0.00,  40,  79, 340, 242
10:46:04.670,   654.24, -786.96, 1948.94,    0.00,    0.00,  40,  52,   7, 269
10:46:05.679,   655.25, -787.38, 1949.81,    0.00,    0.00,  40,  24,  35, 297
10:46:06.684,   656.25, -787.38, 1951.24,    0.00,    0.00,  40,   8,  51, 313
10:46:07.687,   657.26, -786.72, 1951.93,    0.00,    0.00,  40,   1,  58, 320
10:46:08.691,   658.26, -785.79, 1952.55,    0.00,    0.00,  40,   0,  59, 321
10:46:09.696,   659.27, -784.73, 1953.10,    0.00,    0.00,  40,  -1,  60, 322
10:46:10.698,   660.27, -783.74, 1953.64,    0.00,    0.00,  40,   1,  58, 320
10:46:11.708,   661.28, -782.71, 1954.19,    0.00,    0.00,  40,   0,  59, 321
10:46:12.711,   662.28, -781.68, 1954.78,    0.00,    0.00,  40,   1,  58, 320
10:46:13.718,   663.29, -780.59, 1955.37,    0.00,    0.00,  40,  81,  68, 330
10:46:14.718,   664.29, -779.69, 1955.83,    0.00,    0.00,  40,  52,  97, 359
10:46:15.721,   665.29, -778.78, 1956.13,    0.00,    0.00,  40,  31, 118,  20
10:46:16.730,   666.30, -778.12, 1956.13,    0.00,    0.00,  40,  16, 133,  35
10:46:17.734,   667.30, -777.52, 1955.69,    0.00,    0.00,  40,   2, 147,  49
10:46:18.734,   668.30, -777.04, 1954.71,    0.00,    0.00,  40,   0, 149,  51
10:46:19.737,   669.31, -776.50, 1953.72,    0.00,    0.00,  40,   0, 149,  51
10:46:20.747,   670.32, -775.92, 1952.63,    0.00,    0.00,  40,  -2, 151,  53
10:46:21.753,   671.32, -775.35, 1951.61,    0.00,    0.00,  40,   1, 148,  50
10:46:22.757,   672.33, -774.81, 1950.58,    0.00,    0.00,  40,  -4, 148,  50
10:46:23.758,   673.33, -774.20, 1949.53,    0.00,    0.00,  40,   0, 144,  46
10:46:24.762,   674.33, -773.69, 1948.58,    0.00,    0.00,  40,  -1, 145,  47
10:46:25.762,   675.33, -773.12, 1947.55,    0.00,    0.00,  40,   0, 144,  46
10:46:26.771,   676.34, -772.49, 1946.46,    0.00,    0.00,  40,   1, 143,  45
10:46:27.775,   677.34, -771.85, 1945.43,    0.00,    0.00,  40,   0, 144,  46
10:46:28.783,   678.35, -771.28, 1944.45,    0.00,    0.00,  40,  -1, 145,  47
10:46:29.784,   679.35, -770.64, 1943.40,    0.00,    0.00,  40,   0, 144,  46
10:46:30.788,   680.36, -769.96, 1942.37,    0.00,    0.00,  40,  -1, 145,  47
10:46:31.791,   681.36, -769.26, 1941.35,    0.00,    0.00,  40,   0, 144,  46
10:46:32.799,   682.37, -768.60, 1940.33,    0.00,    0.00,  40,   0, 144,  46
10:46:33.806,   683.38, -767.96, 1939.31,    0.00,    0.00,  40,   1, 143,  45
10:46:34.812,   684.38, -767.30, 1938.36,    0.00,    0.00,  40,   1, 143,  45
10:46:35.821,   685.39, -766.60, 1937.38,    0.00,    0.00,  40,   1, 143,  45
10:46:36.826,   686.40, -765.94, 1936.50,    0.00,    0.00,  40,   1, 143,  45
10:46:37.826,   687.40, -765.25, 1935.51,    0.00,    0.00,  40,   1, 143,  45
10:46:38.832,   688.40, -764.61, 1934.60,    0.00,    0.00,  40,   0, 144,  46
10:46:39.833,   689.40, -763.98, 1933.62,    0.00,    0.00,  40,   1, 143,  45
10:46:40.834,   690.40, -763.32, 1932.67,    0.00,    0.00,  40,   0, 144,  46
10:46:41.842,   691.41, -762.65, 1931.68,    0.00,    0.00,  40,   1, 143,  45
10:46:42.850,   692.42, -762.05, 1930.70,    0.00,    0.00,  40,   1, 143,  45
10:46:43.857,   693.43, -761.51, 1929.72,    0.00,    0.00,  40,   1, 143,  45
10:46:44.863,   694.43, -760.97, 1928.77,    0.00,    0.00,  40,   0, 144,  46
10:46:45.865,   695.44, -760.30, 1927.74,    0.00,    0.00,  40,   0, 144,  46
10:46:46.869,   696.44, -759.73, 1926.80,    0.00,    0.00,  40,   0, 144,  46
10:46:47.874,   697.44, -759.06, 1925.78,    0.00,    0.00,  40,   0, 144,  46
10:46:48.876,   698.45, -758.43, 1924.72,    0.00,    0.00,  40,   0, 142,  44
10:46:49.880,   699.45, -757.80, 1923.77,    0.00,    0.00,  40,   1, 141,  43
10:46:50.881,   700.45, -757.14, 1922.79,    0.00,    0.00,  40,   1, 141,  43
10:46:51.883,   701.45, -756.44, 1921.83,    0.00,    0.00,  40,   1, 141,  43
10:46:52.884,   702.45, -755.81, 1920.85,    0.00,    0.00,  40,   1, 141,  43
10:46:53.885,   703.45, -755.14, 1919.90,    0.00,    0.00,  40,   1, 141,  43
10:46:54.893,   704.46, -754.57, 1918.99,    0.00,    0.00,  40,   0, 142,  44
10:46:55.895,   705.46, -753.90, 1918.00,    0.00,    0.00,  40,  -1, 143,  45
10:46:56.902,   706.47, -753.24, 1916.98,    0.00,    0.00,  40,   1, 141,  43
10:46:57.914,   707.48, -752.49, 1915.97,    0.00,    0.00,  40,   0, 143,  45
10:46:58.917,   708.49, -751.83, 1915.09,    0.00,    0.00,  40,   0, 142,  44
10:46:59.926,   709.50, -751.32, 1914.06,    0.00,    0.00,  40,   1, 141,  43
10:47:00.932,   710.50, -750.65, 1913.12,    0.00,    0.00,  40,  -1, 138,  40
10:47:01.942,   711.51, -749.98, 1912.14,    0.00,    0.00,  40,  -1, 138,  40
10:47:02.947,   712.52, -749.30, 1911.14,    0.00,    0.00,  40,   0, 137,  39
10:47:03.953,   713.52, -748.60, 1910.23,    0.00,    0.00,  40,   0, 137,  39
10:47:04.959,   714.53, -747.85, 1909.36,    0.00,    0.00,  40,   1, 136,  38
10:47:05.963,   715.53, -747.06, 1908.49,    0.00,    0.00,  40,   0, 137,  39
10:47:06.970,   716.54, -746.28, 1907.58,    0.00,    0.00,  40,   0, 137,  39
10:47:07.977,   717.55, -745.59, 1906.58,    0.00,    0.00,  40,   0, 137,  39
10:47:08.977,   718.55, -744.89, 1905.64,    0.00,    0.00,  40,   0, 137,  39
10:47:09.987,   719.56, -744.17, 1904.69,    0.00,    0.00,  40,  -1, 138,  40
10:47:10.991,   720.56, -743.42, 1903.82,    0.00,    0.00,  40,   0, 137,  39
10:47:11.995,   721.56, -742.69, 1902.86,    0.00,    0.00,  40,   0, 137,  39
10:47:13.000,   722.57, -741.99, 1901.92,    0.00,    0.00,  40,  -3, 135,  37
10:47:14.001,   723.57, -741.31, 1901.01,    0.00,    0.00,  40,  -1, 132,  34
10:47:15.003,   724.57, -740.58, 1900.10,    0.00,    0.00,  40,   1, 131,  33
10:47:16.007,   725.58, -739.73, 1899.19,    0.00,    0.00,  40,  -1, 133,  35
10:47:17.014,   726.58, -738.92, 1898.35,    0.00,    0.00,  40,   0, 132,  34
10:47:18.021,   727.59, -738.11, 1897.46,    0.00,    0.00,  40,   0, 132,  34
10:47:19.030,   728.60, -737.29, 1896.59,    0.00,    0.00,  40,   0, 132,  34
10:47:20.036,   729.61, -736.48, 1895.75,    0.00,    0.00,  40,   0, 132,  34
10:47:21.037,   730.61, -735.63, 1894.84,    0.00,    0.00,  40,  -1, 128,  30
10:47:22.049,   731.62, -734.82, 1894.00,    0.00,    0.00,  40,   1, 126,  28
10:47:23.049,   732.62, -733.94, 1893.20,    0.00,    0.00,  40,   0, 127,  29
10:47:24.051,   733.62, -733.04, 1892.40,    0.00,    0.00,  40,   0, 127,  29
10:47:25.058,   734.63, -732.13, 1891.56,    0.00,    0.00,  40,   1, 126,  28
10:47:26.069,   735.64, -731.23, 1890.80,    0.00,    0.00,  40,   0, 127,  29
10:47:27.073,   736.64, -730.30, 1890.03,    0.00,    0.00,  40,   0, 127,  29
10:47:28.074,   737.64, -729.39, 1889.23,    0.00,    0.00,  40,   0, 127,  29
10:47:29.078,   738.65, -728.49, 1888.53,    0.00,    0.00,  40,   0, 127,  29
10:47:30.082,   739.65, -727.64, 1887.65,    0.00,    0.00,  40,   0, 127,  29
10:47:31.090,   740.66, -726.65, 1886.88,    0.00,    0.00,  40,   1, 127,  29
10:47:32.100,   741.67, -725.71, 1886.08,    0.00,    0.00,  40,   0, 128,  30
10:47:33.103,   742.67, -724.78, 1885.32,    0.00,    0.00,  40,   1, 128,  30
10:47:34.113,   743.68, -723.84, 1884.62,    0.00,    0.00,  40,   0, 129,  31
10:47:35.119,   744.69, -722.97, 1883.86,    0.00,    0.00,  40,  -1, 130,  32
10:47:36.120,   745.69, -722.16, 1883.14,    0.00,    0.00,  40,   0, 129,  31
10:47:37.125,   746.70, -721.25, 1882.22,    0.00,    0.00,  40,   0, 129,  31
10:47:38.129,   747.70, -720.43, 1881.45,    0.00,    0.00,  40,   0, 129,  31
10:47:39.137,   748.71, -719.62, 1880.61,    0.00,    0.00,  40,   0, 129,  31
10:47:40.141,   749.71, -718.75, 1879.74,    0.00,    0.00,  40,   1, 128,  30
10:47:41.147,   750.72, -717.84, 1878.90,    0.00,    0.00,  40,  -1, 127,  29
10:47:42.154,   751.72, -717.00, 1878.10,    0.00,    0.00,  40,   1, 125,  27
10:47:43.158,   752.73, -716.09, 1877.26,    0.00,    0.00,  40,   1, 125,  27
10:47:44.160,   753.73, -715.19, 1876.53,    0.00,    0.00,  40,   0, 126,  28
10:47:45.163,   754.73, -714.25, 1875.69,    0.00,    0.00,  40,   0, 126,  28
10:47:46.171,   755.74, -713.34, 1874.93,    0.00,    0.00,  40,  -1, 125,  27
10:47:47.174,   756.74, -711.53, 1873.39,    0.00,    0.00,  40,   0, 124,  26
10:47:48.183,   757.75, -710.57, 1872.63,    0.00,    0.00,  40,   0, 124,  26
10:47:49.185,   758.75, -709.61, 1871.90,    0.00,    0.00,  40,  -2, 121,  23
10:47:50.191,   759.76, -708.67, 1871.24,    0.00,    0.00,  40,   0, 119,  21
10:47:51.198,   760.77, -707.65, 1870.58,    0.00,    0.00,  40,   0, 119,  21
10:47:52.203,   761.77, -706.65, 1869.92,    0.00,    0.00,  40,   1, 118,  20
10:47:53.212,   762.78, -705.65, 1869.30,    0.00,    0.00,  40,  -4, 118,  20
10:47:54.215,   763.79, -704.69, 1868.68,    0.00,    0.00,  40,  -1, 115,  17
10:47:55.217,   764.79, -703.63, 1868.10,    0.00,    0.00,  40,   1, 114,  16
10:47:56.221,   765.79, -702.61, 1867.55,    0.00,    0.00,  40,   0, 114,  16
10:47:57.225,   766.80, -701.56, 1867.00,    0.00,    0.00,  40,   1, 113,  15
10:47:58.230,   767.80, -700.50, 1866.43,    0.00,    0.00,  40,  -3, 112,  14
10:47:59.234,   768.80, -699.47, 1865.88,    0.00,    0.00,  40,  -1, 110,  12
10:48:00.239,   769.81, -698.39, 1865.40,    0.00,    0.00,  40,   1, 108,  10
10:48:01.242,   770.81, -697.30, 1865.00,    0.00,    0.00,  40,   0, 109,  11
10:48:02.248,   771.82, -696.15, 1864.53,    0.00,    0.00,  40,  -1, 105,   7
10:48:03.256,   772.83, -695.07, 1864.08,    0.00,    0.00,  40,   0, 104,   6
10:48:04.258,   773.83, -693.96, 1863.76,    0.00,    0.00,  40,   0, 104,   6
10:48:05.258,   774.83, -692.81, 1863.40,    0.00,    0.00,  40,   0, 104,   6
10:48:06.260,   775.83, -691.66, 1863.10,    0.00,    0.00,  40,   0, 104,   6
10:48:07.268,   776.84, -690.52, 1862.74,    0.00,    0.00,  40,   1, 103,   5
10:48:08.276,   777.85, -689.37, 1862.41,    0.00,    0.00,  40,   0, 104,   6
10:48:09.277,   778.85, -688.23, 1862.05,    0.00,    0.00,  40,   0, 104,   6
10:48:10.282,   779.85, -687.08, 1861.71,    0.00,    0.00,  50,   0, 104,   6
10:48:11.288,   780.86, -685.84, 1861.35,    0.00,    0.00,  50,   0, 104,   6
10:48:12.290,   781.86, -684.46, 1860.91,    0.00,    0.00,  50,   1, 103,   5
10:48:13.292,   782.86, -683.01, 1860.44,    0.00,    0.00,  50,   0, 104,   6
10:48:14.296,   783.87, -681.59, 1860.00,    0.00,    0.00,  50,  -1, 103,   5
10:48:15.308,   784.88, -680.14, 1859.61,    0.00,    0.00,  50,   0, 102,   4
10:48:16.315,   785.88, -678.73, 1859.24,    0.00,    0.00,  50,   0, 102,   4
10:48:17.317,   786.89, -677.28, 1858.79,    0.00,    0.00,  50,   0, 102,   4
10:48:18.320,   787.89, -675.86, 1858.43,    0.00,    0.00,  50,   1, 101,   3
10:48:19.323,   788.89, -674.44, 1858.03,    0.00,    0.00,  50,   0, 102,   4
10:48:20.328,   789.90, -673.00, 1857.63,    0.00,    0.00,  50,   0, 102,   4
10:48:21.337,   790.91, -671.55, 1857.26,    0.00,    0.00,  50,   1, 101,   3
10:48:22.344,   791.91, -670.10, 1856.87,    0.00,    0.00,  50,  -2,  98,   0
10:48:23.345,   792.92, -668.71, 1856.54,    0.00,    0.00,  50,   0,  97, 359
10:48:24.354,   793.92, -667.24, 1856.28,    0.00,    0.00,  50,   0,  97, 359
10:48:25.360,   794.93, -665.79, 1855.99,    0.00,    0.00,  50,   0,  97, 359
10:48:26.364,   795.93, -664.31, 1855.73,    0.00,    0.00,  50,   0,  97, 359
10:48:27.366,   796.94, -662.83, 1855.44,    0.00,    0.00,  50,   0,  97, 359
10:48:28.368,   797.94, -661.39, 1855.15,    0.00,    0.00,  50,  -4,  96, 358
10:48:29.376,   798.95, -659.96, 1854.93,    0.00,    0.00,  50,   0,  92, 354
10:48:30.385,   799.95, -658.49, 1854.71,    0.00,    0.00,  50,   1,  91, 353
10:48:31.390,   800.96, -656.95, 1854.57,    0.00,    0.00,  50,   2,  95, 357
10:48:32.394,   801.96, -655.57, 1854.42,    0.00,    0.00,  50,   1,  96, 358
10:48:33.394,   802.96, -654.12, 1854.16,    0.00,    0.00,  50,   0,  95, 357
10:48:35.254,   804.82, -652.67, 1853.91,    0.00,    0.00,  50,   1,  95, 357
10:48:36.259,   805.83, -649.78, 1853.59,    0.00,    0.00,  50,   0,  95, 357
10:48:37.265,   806.84, -648.29, 1853.32,    0.00,    0.00,  60,   1,  94, 356
10:48:38.266,   807.84, -646.58, 1853.07,    0.00,    0.00,  60,   1,  94, 356
10:48:39.271,   808.84, -644.86, 1852.86,    0.00,    0.00,  60,   0,  94, 356
10:48:40.272,   809.84, -643.08, 1852.59,    0.00,    0.00,  60,   0,  94, 356
10:48:41.276,   810.85, -641.30, 1852.34,    0.00,    0.00,  60,   0,  94, 356
10:48:42.855,   812.43, -641.30, 1852.13,    0.00,    0.00,  60,   0,  94, 356
10:48:43.860,   813.43, -637.80, 1851.94,    0.00,    0.00,  60,   0,  94, 356
10:48:44.867,   814.44, -635.96, 1851.72,    0.00,    0.00,  60,  -4,  92, 354
10:48:45.874,   815.44, -634.18, 1851.54,    0.00,    0.00,  60,   0,  88, 350
10:48:46.875,   816.44, -632.46, 1851.43,    0.00,    0.00,  60,   1,  87, 349
10:48:47.878,   817.45, -630.65, 1851.40,    0.00,    0.00,  60,  -4,  87, 349
10:48:48.883,   818.45, -628.84, 1851.40,    0.00,    0.00,  60,   0,  83, 345
10:48:49.888,   819.46, -627.13, 1851.40,    0.00,    0.00,  60,   1,  82, 344
10:48:50.894,   820.46, -625.35, 1851.50,    0.00,    0.00,  60,   1,  82, 344
10:48:51.902,   821.47, -623.57, 1851.61,    0.00,    0.00,  60,   0,  83, 345
10:48:52.908,   822.48, -621.79, 1851.76,    0.00,    0.00,  60,   0,  83, 345
10:48:53.914,   823.48, -620.01, 1851.86,    0.00,    0.00,  60,  -3,  81, 343
10:48:54.922,   824.49, -618.23, 1852.02,    0.00,    0.00,  60,   1,  77, 339
10:48:55.930,   825.50, -616.48, 1852.16,    0.00,    0.00,  60,   0,  78, 340
10:48:56.931,   826.50, -614.73, 1852.45,    0.00,    0.00,  60,   0,  78, 340
10:48:57.935,   827.51, -612.95, 1852.75,    0.00,    0.00,  60,  -1,  74, 336
10:48:58.953,   828.52, -611.20, 1853.00,    0.00,    0.00,  60,   0,  73, 335
10:48:59.957,   829.53, -609.48, 1853.40,    0.00,    0.00,  60,   1,  72, 334
10:49:00.957,   830.53, -607.77, 1853.80,    0.00,    0.00,  60,   0,  73, 335
10:49:01.962,   831.53, -606.02, 1854.20,    0.00,    0.00,  60,  -2,  70, 332
10:49:02.970,   832.54, -604.26, 1854.64,    0.00,    0.00,  60,   1,  67, 329
10:49:03.978,   833.55, -602.58, 1855.12,    0.00,    0.00,  60,   1,  67, 329
10:49:04.980,   834.55, -600.92, 1855.66,    0.00,    0.00,  60,   1,  67, 329
10:49:05.983,   835.55, -599.20, 1856.32,    0.00,    0.00,  60,   0,  68, 330
10:49:06.983,   836.55, -597.54, 1856.90,    0.00,    0.00,  60,   0,  68, 330
10:49:07.992,   837.56, -595.82, 1857.42,    0.00,    0.00,  60,   1,  67, 329
10:49:08.999,   838.57, -594.10, 1857.99,    0.00,    0.00,  60,   0,  68, 330
10:49:10.006,   839.58, -592.39, 1858.58,    0.00,    0.00,  60,   0,  68, 330
10:49:11.011,   840.58, -590.69, 1859.13,    0.00,    0.00,  60,   0,  67, 329
10:49:12.012,   841.58, -589.01, 1859.68,    0.00,    0.00,  60,   1,  67, 329
10:49:13.021,   842.59, -587.32, 1860.29,    0.00,    0.00,  60,  -5,  63, 325
10:49:14.026,   843.60, -585.72, 1860.91,    0.00,    0.00,  60,   0,  58, 320
10:49:15.030,   844.60, -584.15, 1861.64,    0.00,    0.00,  60,   0,  58, 320
10:49:16.040,   845.61, -582.58, 1862.59,    0.00,    0.00,  60,   0,  58, 320
10:49:17.045,   846.62, -581.04, 1863.44,    0.00,    0.00,  60,   0,  58, 320
10:49:18.047,   847.62, -579.48, 1864.31,    0.00,    0.00,  60,   0,  58, 320
10:49:19.053,   848.62, -577.91, 1865.18,    0.00,    0.00,  60,   0,  58, 320
10:49:20.060,   849.63, -576.34, 1866.09,    0.00,    0.00,  60,   0,  58, 320
10:49:21.060,   850.63, -574.77, 1867.00,    0.00,    0.00,  60,   0,  58, 320
10:49:22.069,   851.64, -573.20, 1867.88,    0.00,    0.00,  60,   0,  58, 320
10:49:23.071,   852.64, -571.60, 1868.73,    0.00,    0.00,  60,  -7,  55, 317
10:49:24.073,   853.64, -570.09, 1869.56,    0.00,    0.00,  60,   0,  48, 310
10:49:25.075,   854.65, -568.68, 1870.51,    0.00,    0.00,  60,   0,  48, 310
10:49:26.084,   855.65, -567.26, 1871.60,    0.00,    0.00,  60,  -1,  49, 311
10:49:27.084,   856.65, -564.46, 1873.75,    0.00,    0.00,  60,  -7,  45, 307
10:49:28.085,   857.66, -563.23, 1874.85,    0.00,    0.00,  60,  -1,  39, 301
10:49:29.096,   858.67, -562.08, 1876.20,    0.00,    0.00,  60,   0,  38, 300
10:49:30.105,   859.68, -560.90, 1877.58,    0.00,    0.00,  60,  -1,  39, 301
10:49:31.113,   860.68, -559.76, 1878.94,    0.00,    0.00,  60,   0,  38, 300
10:49:32.115,   861.68, -558.63, 1880.32,    0.00,    0.00,  60,  -1,  39, 301
10:49:33.118,   862.69, -557.50, 1881.64,    0.00,    0.00,  60,   0,  38, 300
10:49:34.124,   863.69, -556.31, 1882.95,    0.00,    0.00,  60,   1,  37, 299
10:49:35.128,   864.70, -555.23, 1884.30,    0.00,    0.00,  60,   1,  37, 299
10:49:36.133,   865.70, -554.11, 1885.69,    0.00,    0.00,  60,   1,  37, 299
10:49:37.143,   866.71, -553.06, 1886.97,    0.00,    0.00,  60,   0,  38, 300
10:49:38.151,   867.72, -551.94, 1888.27,    0.00,    0.00,  60,   1,  37, 299
10:49:39.156,   868.73, -550.77, 1889.62,    0.00,    0.00,  60,   0,  38, 300
10:49:40.161,   869.73, -549.68, 1890.98,    0.00,    0.00,  60,   0,  38, 300
10:49:41.161,   870.73, -548.57, 1892.36,    0.00,    0.00,  60,   0,  38, 300
10:49:42.161,   871.73, -547.48, 1893.79,    0.00,    0.00,  60,   1,  37, 299
10:49:43.166,   872.74, -546.34, 1895.02,    0.00,    0.00,  60,   1,  37, 299
10:49:44.168,   873.74, -545.21, 1896.27,    0.00,    0.00,  60,   0,  38, 300
10:49:45.176,   874.75, -544.04, 1897.46,    0.00,    0.00,  60,  -1,  39, 301
10:49:46.182,   875.75, -542.99, 1898.56,    0.00,    0.00,  60,  15,  59, 321
10:49:47.185,   876.75, -541.87, 1899.44,    0.00,    0.00,  60,   1,  73, 335
10:49:48.194,   877.76, -540.24, 1900.02,    0.00,    0.00,  60,   0,  74, 336
10:49:49.200,   878.77, -538.55, 1900.38,    0.00,    0.00,  60,  20,  90, 352
10:49:50.207,   879.78, -537.37, 1900.42,    0.00,    0.00,  60,   3, 107,   9
10:49:51.209,   880.78, -535.84, 1899.95,    0.00,    0.00,  60,   0, 110,  12
10:49:52.216,   881.79, -534.18, 1899.29,    0.00,    0.00,  60,   0, 110,  12
10:49:53.222,   882.79, -532.52, 1898.49,    0.00,    0.00,  60,   0, 110,  12
10:49:54.229,   883.80, -530.92, 1897.83,    0.00,    0.00,  60,   1, 109,  11
10:49:55.230,   884.80, -529.30, 1897.18,    0.00,    0.00,  60,   6, 109,  11
10:49:56.239,   885.81, -527.76, 1896.52,    0.00,    0.00,  60,   4, 121,  23
10:49:57.244,   886.81, -526.49, 1895.68,    0.00,    0.00,  60,   2, 123,  25
10:49:58.246,   887.82, -525.13, 1894.66,    0.00,    0.00,  60,   4, 131,  33
10:49:59.253,   888.82, -524.05, 1893.60,    0.00,    0.00,  60,   7, 138,  40
10:50:00.255,   889.82, -523.23, 1892.36,    0.00,    0.00,  60,   1, 144,  46
10:50:01.261,   890.83, -522.29, 1890.90,    0.00,    0.00,  60,   1, 143,  45
10:50:02.262,   891.83, -521.31, 1889.41,    0.00,    0.00,  60, -27, 135,  37
10:50:03.264,   892.83, -520.43, 1888.24,    0.00,    0.00,  60,  -4, 113,  15
10:50:04.266,   893.84, -519.25, 1887.29,    0.00,    0.00,  60,  -1, 110,  12
10:50:05.266,   894.84, -517.86, 1886.34,    0.00,    0.00,  60,  -1, 110,  12
10:50:06.266,   895.84, -516.45, 1885.54,    0.00,    0.00,  60,  -1, 110,  12
10:50:07.270,   896.84, -515.27, 1884.67,    0.00,    0.00,  60,  -3, 112,  14
10:50:08.296,   897.87, -514.04, 1883.64,    0.00,    0.00,  60,  -3, 112,  14
10:50:09.301,   898.87, -512.59, 1882.73,    0.00,    0.00,  60,  -1, 110,  12
10:50:10.309,   899.88, -510.99, 1882.04,    0.00,    0.00,  60,   1, 108,  10
10:50:11.322,   900.89, -509.21, 1881.31,    0.00,    0.00,  60,  88, 111,  13
10:50:12.324,   901.89, -507.82, 1880.36,    0.00,    0.00,  60,  62, 137,  39
10:50:13.335,   902.90, -506.89, 1879.77,    0.00,    0.00,  60,  21, 178,  80
10:50:14.343,   903.91, -506.50, 1878.58,    0.00,    0.00,  60,   2, 197,  99
10:50:15.352,   904.92, -506.89, 1877.08,    0.00,    0.00,  60,   0, 199, 101
10:50:16.352,   905.92, -507.58, 1875.36,    0.00,    0.00,  60,   0, 199, 101
10:50:17.358,   906.93, -508.27, 1873.68,    0.00,    0.00,  60,   1, 198, 100
10:50:18.366,   907.94, -508.91, 1872.11,    0.00,    0.00,  60,   0, 199, 101
10:50:19.368,   908.94, -509.63, 1870.47,    0.00,    0.00,  60,   2, 197,  99
10:50:20.373,   909.94, -510.32, 1868.91,    0.00,    0.00,  60,  -1, 200, 102
10:50:21.374,   910.94, -510.99, 1867.27,    0.00,    0.00,  60,   1, 198, 100
10:50:22.381,   911.95, -511.59, 1865.58,    0.00,    0.00,  60,  -2, 201, 103
10:50:23.383,   912.95, -512.34, 1864.05,    0.00,    0.00,  60,   6, 198, 100
10:50:24.383,   913.95, -512.95, 1862.34,    0.00,    0.00,  60,   2, 202, 104
10:50:25.385,   914.95, -513.67, 1860.84,    0.00,    0.00,  60,  10, 204, 106
10:50:26.386,   915.96, -514.37, 1859.45,    0.00,    0.00,  60,   3, 211, 113
10:50:27.395,   916.96, -515.30, 1857.99,    0.00,    0.00,  60,   2, 213, 115
10:50:28.396,   917.97, -516.20, 1856.65,    0.00,    0.00,  60,   5, 215, 117
10:50:29.399,   918.97, -517.26, 1855.30,    0.00,    0.00,  60,   5, 224, 126
10:50:30.407,   919.98, -518.26, 1854.09,    0.00,    0.00,  60,   8, 231, 133
10:50:31.409,   920.98, -519.56, 1853.07,    0.00,    0.00,  60,   1, 238, 140
10:50:32.415,   921.98, -520.97, 1852.27,    0.00,    0.00,  60,   1, 238, 140
10:50:33.424,   922.99, -522.63, 1851.50,    0.00,    0.00,  60,   1, 238, 140
10:50:34.427,   924.00, -524.17, 1850.85,    0.00,    0.00,  60,  -1, 240, 142
10:50:35.437,   925.01, -525.70, 1850.15,    0.00,    0.00,  60,  -4, 232, 134
10:50:36.439,   926.01, -527.19, 1849.49,    0.00,    0.00,  60,   0, 229, 131
10:50:37.439,   927.01, -528.54, 1848.55,    0.00,    0.00,  60,  -1, 230, 132
10:50:38.448,   928.02, -529.93, 1847.60,    0.00,    0.00,  60,   1, 228, 130
10:50:39.448,   929.02, -531.28, 1846.76,    0.00,    0.00,  60,  -3, 222, 124
10:50:40.455,   930.02, -532.62, 1845.74,    0.00,    0.00,  60,   1, 218, 120
10:50:41.464,   931.03, -533.88, 1844.61,    0.00,    0.00,  60,  -3, 222, 124
10:50:42.466,   932.04, -535.09, 1843.37,    0.00,    0.00,  60,  -2, 223, 125
10:50:43.469,   933.04, -536.32, 1842.20,    0.00,    0.00,  60,   0, 221, 123
10:50:44.475,   934.05, -537.52, 1841.10,    0.00,    0.00,  60,  -1, 222, 124
10:50:45.483,   935.05, -538.80, 1839.94,    0.00,    0.00,  60,   9, 227, 129
10:50:46.491,   936.06, -540.00, 1838.77,    0.00,    0.00,  60,   0, 236, 138
10:50:47.500,   937.07, -541.42, 1837.82,    0.00,    0.00,  60,  -1, 237, 139
10:50:48.505,   938.08, -543.02, 1837.02,    0.00,    0.00,  60,   0, 236, 138
10:50:49.506,   939.08, -544.49, 1836.11,    0.00,    0.00,  60,   8, 238, 140
10:50:50.512,   940.08, -545.91, 1835.42,    0.00,    0.00,  60,   1, 245, 147
10:50:51.520,   941.09, -547.45, 1834.98,    0.00,    0.00,  60,  -2, 248, 150
10:50:52.525,   942.10, -549.17, 1834.51,    0.00,    0.00,  60,  -1, 247, 149
10:50:53.528,   943.10, -550.71, 1833.92,    0.00,    0.00,  60,   1, 245, 147
10:50:54.537,   944.11, -552.37, 1833.30,    0.00,    0.00,  60,  -1, 242, 144
10:50:55.544,   945.11, -553.99, 1832.75,    0.00,    0.00,  60,   0, 241, 143
10:50:56.551,   946.12, -555.59, 1832.06,    0.00,    0.00,  60,   0, 241, 143
10:50:57.555,   947.12, -557.04, 1831.40,    0.00,    0.00,  60,  -2, 238, 140
10:50:58.563,   948.13, -558.82, 1830.71,    0.00,    0.00,  60,   0, 236, 138
10:50:59.568,   949.14, -560.36, 1829.87,    0.00,    0.00,  60,   1, 235, 137
10:51:00.578,   950.15, -561.83, 1829.03,    0.00,    0.00,  60,   1, 235, 137
10:51:01.588,   951.16, -563.34, 1828.12,    0.00,    0.00,  60,   1, 236, 138
10:51:02.598,   952.17, -564.85, 1827.24,    0.00,    0.00,  60,   2, 234, 136
10:51:03.604,   953.17, -566.32, 1826.37,    0.00,    0.00,  60,   8, 243, 145
10:51:04.614,   954.18, -567.72, 1825.53,    0.00,    0.00,  60,   5, 251, 153
10:51:05.616,   955.19, -569.22, 1824.98,    0.00,    0.00,  60,   1, 255, 157
10:51:06.622,   956.19, -569.22, 1824.66,    0.00,    0.00,  60,   0, 256, 158
10:51:07.623,   957.19, -570.92, 1824.47,    0.00,    0.00,  60,   0, 256, 158
10:51:08.624,   958.19, -572.66, 1824.47,    0.00,    0.00,  60,   2, 254, 156
10:51:09.629,   959.20, -576.04, 1823.93,    0.00,    0.00,  60,   1, 255, 157
10:51:10.637,   960.21, -577.76, 1823.63,    0.00,    0.00,  60,   0, 256, 158
10:51:11.643,   961.21, -579.36, 1823.23,    0.00,    0.00,  60,   2, 254, 156
10:51:12.644,   962.21, -581.08, 1822.90,    0.00,    0.00,  60,   1, 255, 157
10:51:13.651,   963.22, -582.79, 1822.54,    0.00,    0.00,  60,   1, 255, 157
10:51:14.653,   964.22, -584.57, 1822.21,    0.00,    0.00,  60,   1, 255, 157
10:51:15.657,   965.23, -586.26, 1821.85,    0.00,    0.00,  60,   1, 255, 157
10:51:16.659,   966.23, -587.98, 1821.55,    0.00,    0.00,  70,   1, 255, 157
10:51:17.666,   967.24, -589.85, 1821.22,    0.00,    0.00,  70,   1, 255, 157
10:51:18.675,   968.25, -591.90, 1820.86,    0.00,    0.00,  70,   1, 255, 157
10:51:19.684,   969.25, -593.89, 1820.57,    0.00,    0.00,  70,   1, 255, 157
10:51:20.688,   970.26, -595.91, 1820.21,    0.00,    0.00,  70,   1, 255, 157
10:51:21.689,   971.26, -597.97, 1819.76,    0.00,    0.00,  70,   1, 255, 157
10:51:22.693,   972.26, -599.95, 1819.40,    0.00,    0.00,  70,   1, 255, 157
10:51:23.693,   973.26, -602.00, 1819.03,    0.00,    0.00,  70,   0, 255, 157
10:51:24.702,   974.27, -604.02, 1818.64,    0.00,    0.00,  70,   1, 255, 157
10:51:25.709,   975.28, -606.05, 1818.27,    0.00,    0.00,  70,   1, 255, 157
10:51:26.718,   976.29, -608.16, 1817.87,    0.00,    0.00,  70,   0, 256, 158
10:51:27.727,   977.30, -610.12, 1817.50,    0.00,    0.00,  70,   1, 255, 157
10:51:28.727,   978.30, -612.20, 1817.14,    0.00,    0.00,  70,   1, 255, 157
10:51:29.732,   979.30, -614.22, 1816.77,    0.00,    0.00,  70,   1, 255, 157
10:51:30.737,   980.31, -616.27, 1816.41,    0.00,    0.00,  70,   1, 255, 157
10:51:31.742,   981.31, -618.32, 1816.04,    0.00,    0.00,  70,   1, 255, 157
10:51:32.745,   982.31, -620.34, 1815.72,    0.00,    0.00,  70,   1, 255, 157
10:51:33.747,   983.32, -622.42, 1815.35,    0.00,    0.00,  70,   0, 256, 158
10:51:34.751,   984.32, -624.45, 1814.99,    0.00,    0.00,  70,   1, 255, 157
10:51:35.758,   985.33, -626.49, 1814.62,    0.00,    0.00,  70,   0, 256, 158
10:51:36.767,   986.34, -628.54, 1814.19,    0.00,    0.00,  70,   2, 259, 161
10:51:37.774,   987.34, -630.50, 1813.85,    0.00,    0.00,  70,   6, 260, 162
10:51:38.781,   988.35, -632.50, 1813.64,    0.00,    0.00,  70,   5, 271, 173
10:51:39.785,   989.35, -634.48, 1813.49,    0.00,    0.00,  70,   2, 274, 176
10:51:40.795,   990.37, -636.36, 1813.64,    0.00,    0.00,  70,   0, 276, 178
10:51:41.804,   991.37, -638.32, 1814.01,    0.00,    0.00,  70,   1, 275, 177
10:51:42.811,   992.38, -640.36, 1814.47,    0.00,    0.00,  70,   0, 276, 178
10:51:43.816,   993.39, -642.36, 1814.99,    0.00,    0.00,  70,   0, 276, 178
10:51:44.825,   994.40, -644.32, 1815.42,    0.00,    0.00,  70,  -1, 272, 174
10:51:45.826,   995.40, -646.24, 1815.86,    0.00,    0.00,  70,   0, 271, 173
10:51:46.835,   996.40, -648.27, 1816.11,    0.00,    0.00,  70,   1, 270, 172
10:51:47.843,   997.41, -650.29, 1816.30,    0.00,    0.00,  70,   0, 271, 173
10:51:48.845,   998.42, -652.27, 1816.52,    0.00,    0.00,  70,   1, 270, 172
10:51:49.846,   999.42, -654.38, 1816.70,    0.00,    0.00,  70,   1, 270, 172
10:51:50.854,  1000.42, -656.47, 1816.88,    0.00,    0.00,  70,   0, 271, 173
10:51:51.862,  1001.43, -658.40, 1817.14,    0.00,    0.00,  70,   1, 270, 172
10:51:52.865,  1002.44, -660.51, 1817.43,    0.00,    0.00,  70,   1, 270, 172
10:51:53.873,  1003.44, -662.50, 1817.61,    0.00,    0.00,  70,   0, 271, 173
10:51:54.874,  1004.44, -664.49, 1817.94,    0.00,    0.00,  70,   0, 271, 173
10:51:55.875,  1005.44, -666.57, 1818.16,    0.00,    0.00,  70,  -1, 272, 174
10:51:56.875,  1006.45, -668.59, 1818.34,    0.00,    0.00,  70,   0, 271, 173
10:51:57.885,  1007.45, -670.49, 1818.82,    0.00,    0.00,  70,   0, 271, 173
10:51:58.887,  1008.46, -672.45, 1819.11,    0.00,    0.00,  70,  -1, 272, 174
10:51:59.893,  1009.46, -674.44, 1819.48,    0.00,    0.00,  70,   0, 271, 173
10:52:00.893,  1010.46, -676.43, 1819.87,    0.00,    0.00,  70,   0, 271, 173
10:52:01.896,  1011.47, -678.39, 1820.21,    0.00,    0.00,  70,  -1, 272, 174
10:52:02.896,  1012.47, -680.32, 1820.53,    0.00,    0.00,  70,   1, 270, 172
10:52:03.900,  1013.47, -682.35, 1820.78,    0.00,    0.00,  70,  -1, 272, 174
10:52:04.902,  1014.47, -684.37, 1820.86,    0.00,    0.00,  70,   1, 270, 172
10:52:05.907,  1015.48, -686.39, 1820.97,    0.00,    0.00,  70,   0, 271, 173
10:52:06.913,  1016.48, -688.40, 1821.04,    0.00,    0.00,  70,  -1, 272, 174
10:52:07.917,  1017.49, -690.27, 1821.48,    0.00,    0.00,  70,  47, 296, 198
10:52:08.925,  1018.49, -691.81, 1821.88,    0.00,    0.00,  70,  16, 327, 229
10:52:09.925,  1019.50, -692.75, 1822.58,    0.00,    0.00,  70,   0, 343, 245
10:52:10.930,  1020.50, -693.51, 1823.63,    0.00,    0.00,  70,   1, 342, 244
10:52:11.931,  1021.50, -693.98, 1825.57,    0.00,    0.00,   0,   2, 341, 243
10:52:12.941,  1022.51, -694.47, 1827.53,    0.00,    0.00,   0,   1, 342, 244
10:52:13.946,  1023.52, -694.59, 1828.19,    0.00,    0.00,   0,   1, 342, 244
10:52:14.955,  1024.53, -694.59, 1828.19,    0.00,    0.00,  10,   1, 343, 245
10:52:15.958,  1025.53, -694.59, 1828.19,    0.00,    0.00,  10,   0, 343, 245
10:52:16.963,  1026.53, -694.65, 1828.37,    0.00,    0.00,  10, -35, 342, 244
10:52:18.232,  1027.80, -694.65, 1828.63,    0.00,    0.00,  10, -34, 341, 243
10:52:19.233,  1028.80, -694.77, 1828.81,    0.00,    0.00,  10, -23, 330, 232
10:52:20.241,  1029.81, -694.83, 1829.03,    0.00,    0.00,  10, -17, 324, 226
10:52:21.254,  1030.82, -694.89, 1829.25,    0.00,    0.00,  10, -13, 320, 222
10:52:22.254,  1031.82, -694.92, 1829.47,    0.00,    0.00,  20, -10, 317, 219
10:52:23.261,  1032.83, -695.01, 1829.69,    0.00,    0.00,  20,  -5, 312, 214
10:52:24.263,  1033.83, -695.22, 1829.98,    0.00,    0.00,  20,  -3, 310, 212
10:52:25.267,  1034.84, -695.52, 1830.45,    0.00,    0.00,  20,  -1, 308, 210
10:52:26.270,  1035.84, -695.88, 1830.86,    0.00,    0.00,  20,  -1, 308, 210
10:52:27.278,  1036.85, -696.34, 1831.29,    0.00,    0.00,  20,  -1, 308, 210
10:52:28.284,  1037.85, -696.70, 1831.70,    0.00,    0.00,  20,  -1, 308, 210
10:52:29.291,  1038.86, -697.12, 1832.13,    0.00,    0.00,  20,   0, 307, 209
10:52:30.295,  1039.86, -697.51, 1832.53,    0.00,    0.00,  20,  -1, 308, 210
10:52:31.296,  1040.87, -697.94, 1832.98,    0.00,    0.00,  20,   0, 307, 209
10:52:32.303,  1041.87, -698.36, 1833.34,    0.00,    0.00,  20,   0, 307, 209
10:52:33.305,  1042.88, -698.81, 1833.74,    0.00,    0.00,  20,   4, 308, 210
10:52:34.312,  1043.88, -699.26, 1834.14,    0.00,    0.00,  20,   7, 310, 212
10:52:35.324,  1044.89, -699.65, 1834.46,    0.00,    0.00,  20,   9, 313, 215
10:52:36.324,  1045.89, -700.05, 1834.83,    0.00,    0.00,  20,  11, 316, 218
10:52:37.326,  1046.90, -700.44, 1835.23,    0.00,    0.00,  20,   5, 322, 224
10:52:38.335,  1047.91, -700.83, 1835.67,    0.00,    0.00,  20,   3, 325, 227
10:52:39.339,  1048.91, -701.20, 1836.11,    0.00,    0.00,  20,   0, 327, 229
10:52:40.350,  1049.92, -701.52, 1836.58,    0.00,    0.00,  20,   0, 327, 229
10:52:41.360,  1050.93, -701.73, 1837.06,    0.00,    0.00,  20,   1, 326, 228
10:52:42.370,  1051.94, -702.03, 1837.57,    0.00,    0.00,  20,   5, 327, 229
10:52:43.374,  1052.94, -702.34, 1838.08,    0.00,    0.00,  20,   7, 330, 232
10:52:44.376,  1053.95, -702.64, 1838.55,    0.00,    0.00,  20,   4, 333, 235
10:52:45.388,  1054.96, -702.88, 1839.02,    0.00,    0.00,  20,   1, 336, 238
10:52:46.398,  1055.97, -703.09, 1839.50,    0.00,    0.00,  20,   2, 335, 237
10:52:47.400,  1056.97, -703.31, 1840.05,    0.00,    0.00,  20,  -2, 334, 236
10:52:48.408,  1057.98, -703.52, 1840.60,    0.00,    0.00,  20,   0, 332, 234
10:52:49.415,  1058.98, -703.76, 1841.18,    0.00,    0.00,  20,   0, 332, 234
10:52:50.421,  1059.99, -704.21, 1842.31,    0.00,    0.00,  20,  -1, 333, 235
10:52:51.425,  1061.00, -704.42, 1842.86,    0.00,    0.00,  20, -13, 329, 231
10:52:52.436,  1062.01, -704.60, 1843.37,    0.00,    0.00,  20,  -7, 324, 226
10:52:53.443,  1063.01, -704.87, 1843.88,    0.00,    0.00,  20,  -3, 320, 222
10:52:54.450,  1064.02, -705.18, 1844.31,    0.00,    0.00,  20,  -1, 318, 220
10:52:55.455,  1065.03, -705.48, 1844.79,    0.00,    0.00,  20,  -1, 318, 220
10:52:56.465,  1066.03, -705.84, 1845.27,    0.00,    0.00,  20, -13, 315, 217
10:52:57.466,  1067.04, -706.14, 1845.70,    0.00,    0.00,  20,  -7, 309, 211
10:52:58.479,  1068.05, -706.50, 1846.11,    0.00,    0.00,  20,  -3, 305, 207
10:52:59.484,  1069.05, -706.93, 1846.50,    0.00,    0.00,  20,  -1, 303, 205
10:53:00.485,  1070.05, -707.38, 1846.91,    0.00,    0.00,  20,  -1, 303, 205
10:53:01.493,  1071.06, -707.80, 1847.23,    0.00,    0.00,  20,  -2, 304, 206
10:53:02.500,  1072.07, -708.25, 1847.60,    0.00,    0.00,  20,   6, 306, 208
10:53:03.512,  1073.08, -708.67, 1847.93,    0.00,    0.00,  20,   3, 309, 211
10:53:04.514,  1074.08, -709.10, 1848.33,    0.00,    0.00,  20,   3, 310, 212
10:53:05.518,  1075.09, -709.49, 1848.69,    0.00,    0.00,  20,   1, 312, 214
10:53:06.527,  1076.10, -709.87, 1849.13,    0.00,    0.00,  20,   0, 313, 215
10:53:07.535,  1077.11, -710.27, 1849.60,    0.00,    0.00,  20,   0, 313, 215
10:53:08.542,  1078.11, -710.66, 1850.01,    0.00,    0.00,  20,  34, 315, 217
10:53:09.551,  1079.12, -711.02, 1850.44,    0.00,    0.00,  20,  97, 324, 226
10:53:11.526,  1081.10, -711.32, 1850.77,    0.00,    0.00,  20,   0, 335, 237
10:53:12.527,  1082.10, -711.68, 1851.47,    0.00,    0.00,  20, -12, 347, 249
10:53:13.535,  1083.11, -711.78, 1851.94,    0.00,    0.00,  20,  -5, 340, 242
10:53:14.543,  1084.11, -711.87, 1852.49,    0.00,    0.00,  20,  -4, 339, 241
10:53:15.550,  1085.12, -711.99, 1853.00,    0.00,    0.00,  20,  -1, 336, 238
10:53:16.558,  1086.13, -712.17, 1853.51,    0.00,    0.00,  20,  -2, 332, 234
10:53:17.562,  1087.13, -712.35, 1854.13,    0.00,    0.00,  20,  -6, 331, 233
10:53:18.570,  1088.14, -712.66, 1854.64,    0.00,    0.00,  20,  -3, 328, 230
10:53:19.575,  1089.14, -712.87, 1855.15,    0.00,    0.00,  20,  -1, 326, 228
10:53:20.581,  1090.15, -713.11, 1855.66,    0.00,    0.00,  20,   0, 325, 227
10:53:21.586,  1091.16, -713.38, 1856.17,    0.00,    0.00,  20,  -1, 325, 227
10:53:22.590,  1092.16, -713.71, 1856.69,    0.00,    0.00,  20,   1, 323, 225
10:53:23.599,  1093.17, -713.95, 1857.19,    0.00,    0.00,  20,   0, 325, 227
10:53:24.605,  1094.17, -714.25, 1857.74,    0.00,    0.00,  20,  -1, 325, 227
10:53:25.606,  1095.18, -714.52, 1858.25,    0.00,    0.00,  20,   0, 324, 226
10:53:26.615,  1096.18, -714.83, 1858.76,    0.00,    0.00,  20,  -7, 321, 223
10:53:27.622,  1097.19, -715.09, 1859.24,    0.00,    0.00,  20,  -4, 318, 220
10:53:28.627,  1098.20, -715.40, 1859.68,    0.00,    0.00,  20,  -2, 316, 218
10:53:29.632,  1099.20, -715.76, 1860.15,    0.00,    0.00,  20,  -2, 316, 218
10:53:30.637,  1100.21, -716.09, 1860.59,    0.00,    0.00,  20,  -1, 315, 217
10:53:31.638,  1101.21, -716.45, 1861.06,    0.00,    0.00,  40,  -1, 315, 217
10:53:32.641,  1102.21, -716.84, 1861.50,    0.00,    0.00,  70,  -1, 314, 216
10:53:33.647,  1103.22, -717.63, 1862.52,    0.00,    0.00, 100,  -1, 315, 217
10:53:34.654,  1104.22, -718.96, 1864.24,    0.00,    0.00, 100,   0, 314, 216
10:53:35.659,  1105.23, -720.50, 1866.13,    0.00,    0.00, 100,   1, 313, 215
10:53:36.667,  1106.24, -722.06, 1868.03,    0.00,    0.00, 100,   0, 314, 216
10:53:37.667,  1107.24, -723.66, 1870.00,    0.00,    0.00, 100,  -1, 315, 217
10:53:38.668,  1108.24, -725.38, 1871.71,    0.00,    0.00, 100,  -1, 315, 217
10:53:39.673,  1109.24, -726.98, 1873.57,    0.00,    0.00, 100,  -1, 315, 217
10:53:40.682,  1110.25, -728.46, 1875.50,    0.00,    0.00, 100,  -2, 316, 218
10:53:41.694,  1111.26, -729.81, 1877.44,    0.00,    0.00, 100,   0, 314, 216
10:53:42.697,  1112.27, -731.29, 1879.41,    0.00,    0.00, 100,   0, 314, 216
10:53:43.700,  1113.27, -732.83, 1881.31,    0.00,    0.00, 100,  -1, 315, 217
10:53:44.708,  1114.28, -734.34, 1883.35,    0.00,    0.00, 100,  -1, 315, 217
10:53:45.708,  1115.28, -736.09, 1884.96,    0.00,    0.00, 100,  -1, 315, 217
10:53:46.716,  1116.29, -737.59, 1886.88,    0.00,    0.00, 100,   1, 313, 215
10:53:47.721,  1117.29, -739.13, 1888.79,    0.00,    0.00, 100,   0, 314, 216
10:53:48.728,  1118.30, -740.79, 1890.57,    0.00,    0.00, 100,   1, 313, 215
10:53:49.731,  1119.30, -742.44, 1892.44,    0.00,    0.00, 100,   1, 314, 216
10:53:50.737,  1120.31, -744.04, 1894.26,    0.00,    0.00, 100,   1, 313, 215
10:53:51.741,  1121.31, -745.76, 1896.00,    0.00,    0.00, 100,   1, 313, 215
10:53:52.747,  1122.32, -747.45, 1897.83,    0.00,    0.00, 100,   2, 312, 214
10:53:53.755,  1123.32, -749.15, 1899.58,    0.00,    0.00, 100,   1, 313, 215
10:53:54.760,  1124.33, -750.83, 1901.38,    0.00,    0.00, 100,   2, 312, 214
10:53:55.765,  1125.33, -752.49, 1903.12,    0.00,    0.00, 100,   2, 312, 214
10:53:56.765,  1126.33, -754.24, 1904.84,    0.00,    0.00, 100,   2, 312, 214
10:53:57.773,  1127.34, -755.99, 1906.51,    0.00,    0.00, 100,   3, 311, 213
10:53:58.778,  1128.35, -757.67, 1908.19,    0.00,    0.00, 100,  -1, 314, 216
10:53:59.786,  1129.36, -759.40, 1909.91,    0.00,    0.00, 100,   1, 313, 215
10:54:00.795,  1130.37, -761.08, 1911.69,    0.00,    0.00, 100,   2, 312, 214
10:54:01.802,  1131.37, -762.74, 1913.44,    0.00,    0.00, 100,   0, 314, 216
10:54:04.250,  1133.82, -764.53, 1915.16,    0.00,    0.00, 100,  36, 314, 216
10:54:05.251,  1134.82, -767.54, 1918.73,    0.00,    0.00, 100,  73,  61, 323
10:54:06.260,  1135.83, -767.90, 1920.53,    0.00,    0.00, 100,  19, 115,  17
10:54:07.264,  1136.83, -766.79, 1921.80,    0.00,    0.00, 100,   0, 134,  36
10:54:08.266,  1137.84, -765.10, 1921.54,    0.00,    0.00, 100,   2, 132,  34
10:54:09.266,  1138.84, -763.38, 1919.83,    0.00,    0.00, 100,   1, 133,  35
10:54:10.268,  1139.84, -761.66, 1917.97,    0.00,    0.00, 100,   2, 132,  34
10:54:11.278,  1140.85, -759.91, 1916.11,    0.00,    0.00, 100,   1, 133,  35
10:54:12.281,  1141.85, -758.19, 1914.24,    0.00,    0.00, 100,   1, 133,  35
10:54:13.283,  1142.85, -756.54, 1912.32,    0.00,    0.00, 100,  -1, 135,  37
10:54:14.285,  1143.85, -754.78, 1910.41,    0.00,    0.00, 100,   0, 134,  36
10:54:15.290,  1144.86, -753.15, 1908.56,    0.00,    0.00, 100,   0, 134,  36
10:54:16.297,  1145.87, -751.49, 1906.55,    0.00,    0.00, 100,   0, 134,  36
10:54:17.302,  1146.87, -749.87, 1904.66,    0.00,    0.00, 100,   0, 134,  36
10:54:18.310,  1147.88, -748.02, 1902.61,    0.00,    0.00, 100,   1, 133,  35
10:54:19.311,  1148.88, -746.34, 1900.68,    0.00,    0.00, 100,   0, 134,  36
10:54:20.315,  1149.88, -744.86, 1898.82,    0.00,    0.00, 100,   0, 134,  36
10:54:21.324,  1150.89, -743.23, 1896.89,    0.00,    0.00, 100,  -1, 135,  37
10:54:22.328,  1151.90, -741.61, 1894.99,    0.00,    0.00, 100,   0, 139,  36
10:54:23.335,  1152.90, -739.91, 1893.06,    0.00,    0.00, 100,  -1, 141,  42
10:54:24.339,  1153.91, -738.35, 1891.19,    0.00,    0.00, 100,   0, 139,  40
10:54:25.346,  1154.92, -736.71, 1889.26,    0.00,    0.00, 100,   1, 138,  39
10:54:26.354,  1155.92, -735.36, 1887.15,    0.00,    0.00, 100,   0, 138,  39
10:54:27.371,  1156.94, -733.85, 1885.14,    0.00,    0.00, 100,   0, 139,  40
10:54:28.379,  1157.95, -732.38, 1883.02,    0.00,    0.00, 100,   0, 140,  41
10:54:29.385,  1158.95, -730.83, 1880.76,    0.00,    0.00, 100,  -1, 141,  42
10:54:30.387,  1159.96, -729.36, 1878.68,    0.00,    0.00, 100,  -1, 141,  42
10:54:31.388,  1160.96, -726.44, 1874.52,    0.00,    0.00, 100,   0, 140,  41
10:54:32.396,  1161.97, -725.05, 1872.74,    0.00,    0.00, 100,  -1, 140,  41
10:54:33.398,  1162.97, -723.57, 1870.62,    0.00,    0.00, 100,   0, 140,  41
10:54:34.400,  1163.97, -722.06, 1868.61,    0.00,    0.00, 100,   0, 143,  41
10:54:35.404,  1164.97, -720.58, 1866.57,    0.00,    0.00, 100,   1, 142,  42
10:54:36.406,  1165.98, -719.14, 1864.56,    0.00,    0.00, 100,   1, 147,  47
10:54:37.415,  1166.98, -717.81, 1862.48,    0.00,    0.00, 100,   0, 148,  48
10:54:38.422,  1167.99, -716.58, 1860.29,    0.00,    0.00, 100,   1, 147,  47
10:54:39.431,  1169.00, -715.40, 1858.15,    0.00,    0.00, 100,  -3, 142,  42
10:54:40.436,  1170.01, -714.22, 1856.06,    0.00,    0.00, 100,  -3, 142,  42
10:54:41.440,  1171.01, -712.89, 1854.02,    0.00,    0.00, 100,   0, 139,  39
10:54:42.441,  1172.01, -711.47, 1852.05,    0.00,    0.00, 100,  -1, 140,  40
10:54:43.451,  1173.02, -710.15, 1849.97,    0.00,    0.00,   0,   0, 139,  39
10:54:44.453,  1174.02, -708.76, 1847.96,    0.00,    0.00,   0,   0, 139,  39
10:54:45.454,  1175.02, -708.85, 1848.03,    0.00,    0.00,   0,   0, 139,  39
10:54:46.460,  1176.03, -708.82, 1848.03,    0.00,    0.00,   0,   0, 139,  39
10:54:47.461,  1177.03, -708.82, 1848.03,    0.00,    0.00,   0,   0, 139,  39
10:54:48.462,  1178.03, -708.82, 1848.03,    0.00,    0.00,   0,   0, 139,  39
10:54:49.473,  1179.04, -708.85, 1848.03,    0.00,    0.00,   0,   0, 139,  39
10:54:50.486,  1180.06, -708.85, 1848.03,    0.00,    0.00,   0,   0, 139,  39
10:54:51.491,  1181.06, -708.85, 1848.03,    0.00,    0.00,   0,   0, 139,  39
10:54:52.499,  1182.07, -708.82, 1848.03,    0.00,    0.00,   0,   0, 139,  39
10:54:53.500,  1183.07, -708.82, 1848.03,    0.00,    0.00,   0,   0, 139,  39
10:54:54.501,  1184.07, -708.82, 1848.03,    0.00,    0.00,  10,  -1, 140,  40
10:54:55.502,  1185.07, -708.70, 1847.89,    0.00,    0.00,  10,  -2, 141,  41
10:54:56.506,  1186.08, -708.55, 1847.67,    0.00,    0.00,  10,  -2, 141,  41
10:54:57.516,  1187.09, -708.37, 1847.46,    0.00,    0.00,  10, -35, 138,  38
10:54:58.851,  1188.42, -708.25, 1847.27,    0.00,    0.00,  10,   0, 133,  33
10:54:59.852,  1189.42, -707.98, 1846.94,    0.00,    0.00,  10,   1, 132,  32
10:55:00.856,  1190.43, -707.74, 1846.73,    0.00,    0.00,  10, -13, 131,  31
10:55:01.858,  1191.43, -707.59, 1846.54,    0.00,    0.00,  10, -10, 128,  28
10:55:02.862,  1192.43, -707.38, 1846.36,    0.00,    0.00,  10,  -7, 125,  25
10:55:03.869,  1193.44, -707.19, 1846.14,    0.00,    0.00,  10,  -5, 123,  23
10:55:04.881,  1194.45, -706.95, 1845.96,    0.00,    0.00,  10,  -3, 121,  21
10:55:05.882,  1195.45, -706.71, 1845.77,    0.00,    0.00,  10,  -3, 121,  21
10:55:06.894,  1196.46, -706.47, 1845.59,    0.00,    0.00,  10,  -2, 120,  20
10:55:07.903,  1197.47, -706.23, 1845.45,    0.00,    0.00,  10,  -2, 120,  20
10:55:08.913,  1198.48, -705.99, 1845.30,    0.00,    0.00,  10,  -1, 119,  19
10:55:09.920,  1199.49, -705.74, 1845.08,    0.00,    0.00,  10,   0, 118,  18
10:55:10.927,  1200.50, -705.50, 1844.93,    0.00,    0.00,  10,   0, 118,  18
10:55:11.929,  1201.50, -705.50, 1844.75,    0.00,    0.00,  10,   0, 118,  18
10:55:12.935,  1202.50, -705.27, 1844.61,    0.00,    0.00,  10,   0, 118,  18
10:55:13.947,  1203.52, -705.02, 1844.43,    0.00,    0.00,   0,  -1, 119,  19
10:55:14.954,  1204.52, -704.78, 1844.39,    0.00,    0.00,   0,  -1, 119,  19
10:55:15.957,  1205.53, -704.72, 1844.39,    0.00,    0.00,   0,   0, 118,  18
10:55:16.959,  1206.53, -704.72, 1844.43,    0.00,    0.00,   0,   1, 117,  17
10:55:17.962,  1207.53, -704.75, 1844.43,    0.00,    0.00,   0,   0, 118,  18
10:55:18.970,  1208.54, -704.72, 1844.43,    0.00,    0.00,   0,   0, 118,  18
10:55:19.981,  1209.55, -704.72, 1844.43,    0.00,    0.00,   0,   0, 118,  18
10:55:20.991,  1210.56, -704.72, 1844.43,    0.00,    0.00,   0,   0, 118,  18
10:55:21.993,  1211.56, -704.69, 1844.39,    0.00,    0.00,  20,   0, 118,  18
10:55:22.999,  1212.57, -704.72, 1844.39,    0.00,    0.00,  30,   0, 118,  18
10:55:24.006,  1213.58, -704.42, 1844.20,    0.00,    0.00,  30,   1, 117,  17
10:55:25.013,  1214.58, -703.63, 1843.70,    0.00,    0.00,  30,  -1, 119,  19
10:55:26.018,  1215.59, -702.91, 1843.26,    0.00,    0.00,  30, -33, 115,  15
10:55:27.022,  1216.59, -702.10, 1842.78,    0.00,    0.00,  30, -19, 101,   1
10:55:28.028,  1217.60, -701.46, 1842.46,    0.00,    0.00,  30,  -8,  90, 350
10:55:29.593,  1219.16, -700.86, 1842.24,    0.00,    0.00,  30,   0,  86, 346
10:55:30.602,  1220.17, -699.24, 1842.10,    0.00,    0.00,  30,  -5,  88, 348
10:55:31.610,  1221.18, -698.33, 1842.05,    0.00,    0.00,  30,  -7,  84, 344
10:55:32.611,  1222.18, -697.54, 1841.98,    0.00,    0.00,  30,  -2,  79, 339
10:55:33.614,  1223.18, -696.79, 1842.05,    0.00,    0.00,  30,   0,  77, 337
10:55:34.617,  1224.19, -695.98, 1842.13,    0.00,    0.00,  30,  -2,  79, 339
10:55:35.619,  1225.19, -695.13, 1842.35,    0.00,    0.00,  30,  -8,  75, 335
10:55:36.619,  1226.19, -694.28, 1842.38,    0.00,    0.00,  30,  -3,  70, 330
10:55:37.622,  1227.19, -693.53, 1842.49,    0.00,    0.00,  30,  -1,  68, 328
10:55:38.627,  1228.20, -692.78, 1842.71,    0.00,    0.00,  30,   0,  67, 327
10:55:39.631,  1229.20, -691.96, 1843.01,    0.00,    0.00,   0,  -1,  68, 328
10:55:40.632,  1230.20, -691.03, 1843.22,    0.00,    0.00,   0,   0,  67, 327
10:55:41.635,  1231.21, -690.82, 1843.29,    0.00,    0.00,   0,   0,  67, 327
10:55:42.639,  1232.21, -690.82, 1843.29,    0.00,    0.00,   0,   0,  67, 327
10:55:43.646,  1233.22, -690.79, 1843.29,    0.00,    0.00,   0,   0,  67, 327
10:55:44.648,  1234.22, -690.79, 1843.26,    0.00,    0.00,   0,   0,  67, 327
10:55:45.656,  1235.23, -690.79, 1843.26,    0.00,    0.00,   0,   0,  67, 327
10:55:46.657,  1236.23, -690.82, 1843.26,    0.00,    0.00,   0,   1,  66, 326
10:55:47.662,  1237.23, -690.88, 1843.19,    0.00,    0.00,   0,  13,  54, 314
10:55:48.666,  1238.24, -690.97, 1843.44,    0.00,    0.00,   0,  -8,  75, 335
10:55:49.673,  1239.24, -690.40, 1844.28,    0.00,    0.00,   0, -48, 115,  15
10:55:50.680,  1240.25, -688.98, 1843.92,    0.00,    0.00,   0, -82, 151,  51
10:55:51.682,  1241.25, -687.38, 1843.04,    0.00,    0.00,   0, -91, 159,  59
10:55:52.685,  1242.26, -686.05, 1841.98,    0.00,    0.00,   0, -91, 159,  59
10:55:53.687,  1243.26, -685.72, 1841.44,    0.00,    0.00,   0, -93, 160,  60
10:55:54.690,  1244.26, -685.69, 1841.44,    0.00,    0.00,   0, -93, 160,  60
10:55:55.691,  1245.26, -685.72, 1841.44,    0.00,    0.00,   0, -93, 160,  60
10:55:56.694,  1246.26, -685.72, 1841.44,    0.00,    0.00,   0, -93, 160,  60
10:55:57.703,  1247.27, -685.72, 1841.44,    0.00,    0.00,   0, -93, 160,  60
10:55:58.712,  1248.28, -685.72, 1841.44,    0.00,    0.00,   0, -93, 160,  60
10:55:59.718,  1249.29, -685.72, 1841.44,    0.00,    0.00,   0, -93, 160,  60
10:56:00.723,  1250.29, -685.66, 1841.44,    0.00,    0.00,   0, -93, 160,  60
10:56:01.728,  1251.30, -685.69, 1841.44,    0.00,    0.00,   0, -93, 160,  60
10:56:02.735,  1252.30, -685.82, 1841.51,    0.00,    0.00,   0, -93, 160,  60
10:56:03.739,  1253.31, -685.82, 1841.51,    0.00,    0.00,   0, -93, 160,  60
10:56:04.740,  1254.31, -685.82, 1841.55,    0.00,    0.00,   0, -93, 160,  60
10:56:05.749,  1255.32, -685.84, 1841.55,    0.00,    0.00,   0, -93, 160,  60
10:56:06.753,  1256.32, -685.82, 1841.55,    0.00,    0.00,   0, -93, 160,  60
10:56:07.760,  1257.33, -685.84, 1841.51,    0.00,    0.00,   0, -93, 160,  60
10:56:08.766,  1258.34, -685.82, 1841.55,    0.00,    0.00,   0, -93, 160,  60
10:56:09.768,  1259.34, -685.82, 1841.55,    0.00,    0.00,   0, -93, 160,  60
10:56:10.771,  1260.34, -685.84, 1841.55,    0.00,    0.00,   0, -93, 160,  60
10:56:11.775,  1261.35, -685.84, 1841.55,    0.00,    0.00,   0, -93, 160,  60
10:56:12.781,  1262.35, -685.84, 1841.55,    0.00,    0.00,   0, -93, 160,  60
10:56:13.790,  1263.36, -685.84, 1841.55,    0.00,    0.00,   0, -93, 160,  60
10:56:14.798,  1264.37, -685.84, 1841.55,    0.00,    0.00,   0, -93, 160,  60
10:56:15.805,  1265.37, -685.84, 1841.55,    0.00,    0.00,   0, -93, 160,  60
10:56:16.806,  1266.38, -685.84, 1841.55,    0.00,    0.00,   0, -93, 160,  60
10:56:17.814,  1267.38, -685.84, 1841.55,    0.00,    0.00,   0, -93, 160,  60
10:56:18.821,  1268.39, -685.84, 1841.55,    0.00,    0.00,   0, -93, 160,  60
10:56:19.824,  1269.39, -685.84, 1841.55,    0.00,    0.00,   0, -93, 160,  60
10:56:20.831,  1270.40, -685.84, 1841.55,    0.00,    0.00,   0, -93, 160,  60
10:56:21.831,  1271.40, -685.84, 1841.55,    0.00,    0.00,   0, -93, 160,  60
10:56:22.834,  1272.40, -685.84, 1841.55,    0.00,    0.00,   0, -93, 160,  60
10:56:23.835,  1273.40, -685.84, 1841.55,    0.00,    0.00,   0, -93, 160,  60
10:56:24.840,  1274.41, -685.84, 1841.55,    0.00,    0.00,   0, -93, 160,  60
10:56:25.848,  1275.42, -685.84, 1841.55,    0.00,    0.00,   0, -93, 160,  60
10:56:26.849,  1276.42, -685.84, 1841.55,    0.00,    0.00,   0, -93, 160,  60
10:56:27.856,  1277.43, -685.66, 1841.47,    0.00,    0.00,   0, -93, 160,  60
10:56:28.861,  1278.43, -685.66, 1841.44,    0.00,    0.00,   0, -93, 160,  60
10:56:29.862,  1279.43, -685.66, 1841.44,    0.00,    0.00,   0, -93, 160,  60
10:56:30.865,  1280.43, -685.66, 1841.44,    0.00,    0.00,   0, -93, 160,  60
10:56:31.872,  1281.44, -685.66, 1841.44,    0.00,    0.00,   0, -93, 160,  60
10:56:32.876,  1282.45, -685.66, 1841.44,    0.00,    0.00,   0, -93, 160,  60
10:56:33.878,  1283.45, -685.66, 1841.44,    0.00,    0.00,   0, -93, 160,  60
10:56:34.880,  1284.45, -685.66, 1841.44,    0.00,    0.00,   0, -93, 160,  60
10:56:35.890,  1285.46, -685.66, 1841.44,    0.00,    0.00,   0, -93, 160,  60
10:56:36.892,  1286.46, -685.66, 1841.44,    0.00,    0.00,   0, -93, 160,  60
10:56:37.898,  1287.47, -685.66, 1841.47,    0.00,    0.00,   0, -93, 160,  60
10:56:38.902,  1288.47, -685.66, 1841.47,    0.00,    0.00,   0, -93, 160,  60
10:56:39.904,  1289.47, -685.66, 1841.47,    0.00,    0.00,   0, -93, 160,  60
10:56:40.910,  1290.48, -685.66, 1841.47,    0.00,    0.00,   0, -93, 160,  60
10:56:41.910,  1291.48, -685.66, 1841.47,    0.00,    0.00,   0, -93, 160,  60
10:56:42.911,  1292.48, -685.69, 1841.47,    0.00,    0.00,   0, -93, 160,  60
10:56:43.912,  1293.48, -685.66, 1841.47,    0.00,    0.00,   0, -93, 160,  60
10:56:44.919,  1294.49, -685.66, 1841.47,    0.00,    0.00,   0, -93, 160,  60
10:56:45.921,  1295.49, -685.66, 1841.47,    0.00,    0.00,   0, -93, 160,  60
10:56:46.922,  1296.49, -685.69, 1841.47,    0.00,    0.00,   0, -93, 160,  60
10:56:47.923,  1297.49, -685.69, 1841.47,    0.00,    0.00,   0, -93, 160,  60
10:56:48.934,  1298.50, -685.60, 1841.44,    0.00,    0.00,   0, -93, 160,  60
10:56:49.942,  1299.51, -685.60, 1841.44,    0.00,    0.00,   0, -93, 160,  60
10:56:50.950,  1300.52, -685.60, 1841.44,    0.00,    0.00,   0, -93, 160,  60
10:56:51.951,  1301.52, -685.63, 1841.44,    0.00,    0.00,   0, -93, 160,  60
10:56:52.956,  1302.53, -685.60, 1841.44,    0.00,    0.00,   0, -93, 160,  60
10:56:53.959,  1303.53, -685.60, 1841.44,    0.00,    0.00,   0, -93, 160,  60
10:56:54.960,  1304.53, -685.63, 1841.44,    0.00,    0.00,   0, -93, 160,  60
10:56:55.961,  1305.53, -685.63, 1841.44,    0.00,    0.00,   0, -93, 160,  60
10:56:56.967,  1306.54, -685.63, 1841.44,    0.00,    0.00,   0, -93, 160,  60
10:56:57.968,  1307.54, -685.60, 1841.44,    0.00,    0.00,   0, -93, 160,  60
10:56:58.970,  1308.54, -685.63, 1841.44,    0.00,    0.00,   0, -93, 160,  60
10:56:59.974,  1309.54, -685.63, 1841.44,    0.00,    0.00,   0, -93, 160,  60
10:57:00.976,  1310.55, -685.63, 1841.44,    0.00,    0.00,   0, -93, 160,  60
10:57:01.984,  1311.55, -685.72, 1841.40,    0.00,    0.00,   0, -93, 160,  60
10:57:02.986,  1312.56, -685.75, 1841.40,    0.00,    0.00,   0, -93, 160,  60
10:57:03.994,  1313.56, -685.75, 1841.40,    0.00,    0.00,   0, -93, 160,  60
10:57:05.003,  1314.57, -685.75, 1841.44,    0.00,    0.00,   0, -93, 160,  60
10:57:06.007,  1315.58, -685.75, 1841.44,    0.00,    0.00,   0, -93, 160,  60
10:57:07.012,  1316.58, -685.75, 1841.44,    0.00,    0.00,   0, -93, 160,  60
10:57:08.017,  1317.59, -685.75, 1841.44,    0.00,    0.00,   0, -93, 160,  60
10:57:09.029,  1318.60, -685.75, 1841.44,    0.00,    0.00,   0, -93, 160,  60
10:57:10.034,  1319.60, -685.75, 1841.44,    0.00,    0.00,   0, -93, 160,  60
10:57:11.037,  1320.61, -685.75, 1841.44,    0.00,    0.00,   0, -93, 160,  60
10:57:12.038,  1321.61, -685.75, 1841.47,    0.00,    0.00,   0, -93, 160,  60
10:57:13.047,  1322.62, -685.75, 1841.47,    0.00,    0.00,   0, -93, 160,  60
10:57:14.051,  1323.62, -685.75, 1841.47,    0.00,    0.00,   0, -93, 160,  60
10:57:15.059,  1324.63, -685.75, 1841.51,    0.00,    0.00,   0, -93, 160,  60
10:57:16.061,  1325.63, -685.75, 1841.55,    0.00,    0.00,   0, -93, 160,  60
10:57:17.070,  1326.64, -685.75, 1841.55,    0.00,    0.00,   0, -93, 160,  60
10:57:18.074,  1327.64, -685.75, 1841.58,    0.00,    0.00,   0, -93, 160,  60
10:57:19.076,  1328.65, -685.75, 1841.62,    0.00,    0.00,   0, -93, 160,  60
10:57:20.078,  1329.65, -685.75, 1841.62,    0.00,    0.00,   0, -93, 160,  60
10:57:21.080,  1330.65, -685.75, 1841.65,    0.00,    0.00,   0, -93, 160,  60
10:57:22.081,  1331.65, -685.75, 1841.69,    0.00,    0.00,   0, -93, 160,  60
10:57:23.084,  1332.65, -685.75, 1841.73,    0.00,    0.00,   0, -93, 160,  60
10:57:24.085,  1333.66, -685.75, 1841.76,    0.00,    0.00,   0, -93, 160,  60
10:57:25.094,  1334.66, -685.75, 1841.80,    0.00,    0.00,   0, -93, 160,  60
10:57:26.102,  1335.67, -685.72, 1841.83,    0.00,    0.00,   0, -93, 160,  60
10:57:27.104,  1336.67, -685.69, 1841.87,    0.00,    0.00,   0, -93, 160,  60
10:57:28.238,  1337.81, -685.66, 1841.91,    0.00,    0.00,   0, -93, 160,  60
10:57:29.240,  1338.81, -685.66, 1842.01,    0.00,    0.00,   0, -93, 160,  60
10:57:30.246,  1339.82, -685.63, 1842.05,    0.00,    0.00,   0, -93, 160,  60
10:57:31.254,  1340.82, -685.63, 1842.10,    0.00,    0.00,   0, -93, 160,  60
10:57:32.260,  1341.83, -685.63, 1842.13,    0.00,    0.00,   0, -93, 160,  60
10:57:33.268,  1342.84, -685.63, 1842.17,    0.00,    0.00,   0, -93, 160,  60
10:57:34.274,  1343.84, -685.63, 1842.20,    0.00,    0.00,   0, -93, 160,  60
10:57:35.282,  1344.85, -685.60, 1842.24,    0.00,    0.00,   0, -93, 160,  60
10:57:36.287,  1345.86, -685.57, 1842.28,    0.00,    0.00,   0, -93, 160,  60
10:57:37.289,  1346.86, -685.57, 1842.31,    0.00,    0.00,   0, -93, 160,  60
10:57:38.299,  1347.87, -685.60, 1842.31,    0.00,    0.00,   0, -93, 160,  60
10:57:39.306,  1348.88, -685.63, 1842.38,    0.00,    0.00,   0, -93, 160,  60
10:57:40.310,  1349.88, -685.63, 1842.38,    0.00,    0.00,   0, -93, 160,  60
10:57:41.318,  1350.89, -685.60, 1842.46,    0.00,    0.00,   0, -93, 160,  60
10:57:42.324,  1351.89, -685.60, 1842.49,    0.00,    0.00,   0, -93, 160,  60
10:57:43.331,  1352.90, -685.60, 1842.53,    0.00,    0.00,   0, -93, 160,  60
10:57:44.335,  1353.91, -685.60, 1842.56,    0.00,    0.00,   0, -93, 160,  60
10:57:45.343,  1354.91, -685.60, 1842.60,    0.00,    0.00,   0, -93, 160,  60
10:57:46.347,  1355.92, -685.57, 1842.64,    0.00,    0.00,   0, -93, 160,  60
10:57:47.355,  1356.92, -685.57, 1842.67,    0.00,    0.00,   0, -93, 160,  60
10:57:48.358,  1357.93, -685.54, 1842.71,    0.00,    0.00,   0, -93, 160,  60
10:57:49.364,  1358.93, -685.51, 1842.78,    0.00,    0.00,   0, -94, 161,  61
10:57:50.364,  1359.93, -685.66, 1843.44,    0.00,    0.00,   0, -94, 161,  61
10:57:51.367,  1360.94, -686.03, 1844.50,    0.00,    0.00,   0, -92, 159,  59
10:57:52.374,  1361.94, -686.63, 1845.93,    0.00,    0.00,   0, -90, 157,  57
10:57:53.375,  1362.94, -687.35, 1847.38,    0.00,    0.00,   0, -89, 156,  56
10:57:54.382,  1363.95, -687.80, 1848.37,    0.00,    0.00,   0, -88, 155,  55
10:57:55.382,  1364.95, -687.65, 1848.19,    0.00,    0.00,   0, -83, 150,  50
10:57:56.387,  1365.96, -686.99, 1846.43,    0.00,    0.00,   0, -71, 138,  38
10:57:57.390,  1366.96, -685.06, 1843.19,    0.00,    0.00,   0, -58, 125,  25
10:57:58.396,  1367.97, -681.35, 1839.28,    0.00,    0.00,   0, -47, 114,  14
10:57:59.397,  1368.97, -675.95, 1835.78,    0.00,    0.00,   0, -39, 106,   6
10:58:00.405,  1369.98, -669.01, 1832.93,    0.00,    0.00,   0, -33, 100,   0
10:58:01.414,  1370.98, -661.09, 1830.67,    0.00,    0.00,   0, -28,  95, 355
10:58:02.414,  1371.98, -652.55, 1829.61,    0.00,    0.00,   0, -24,  91, 351
10:58:03.417,  1372.99, -644.01, 1829.29,    0.00,    0.00,   0, -22,  89, 349
10:58:04.420,  1373.99, -635.69, 1829.72,    0.00,    0.00,   0, -22,  89, 349
10:58:05.422,  1374.99, -627.54, 1830.27,    0.00,    0.00,   0, -21,  88, 348
10:58:06.424,  1375.99, -619.49, 1830.89,    0.00,    0.00,   0, -17,  84, 344
10:58:07.425,  1376.99, -611.56, 1831.66,    0.00,    0.00,   0, -11,  78, 338
10:58:08.428,  1378.00, -603.85, 1832.93,    0.00,    0.00,   0,  -4,  71, 331
10:58:09.434,  1379.00, -596.55, 1835.01,    0.00,    0.00,   0,  -2,  69, 329
10:58:10.435,  1380.01, -589.55, 1838.11,    0.00,    0.00,   0,  -2,  69, 329
10:58:11.444,  1381.01, -582.49, 1841.44,    0.00,    0.00,   0,   0,  67, 327
10:58:12.445,  1382.01, -575.31, 1844.54,    0.00,    0.00,   0,   3,  64, 324
10:58:13.454,  1383.02, -568.20, 1848.30,    0.00,    0.00,   0,   7,  60, 320
10:58:14.461,  1384.03, -561.50, 1852.45,    0.00,    0.00,   0,  12,  55, 315
10:58:15.468,  1385.04, -554.99, 1856.72,    0.00,    0.00,   0,  15,  52, 312
10:58:16.469,  1386.04, -549.11, 1861.46,    0.00,    0.00,   0,  16,  51, 311
10:58:17.470,  1387.04, -543.86, 1866.54,    0.00,    0.00,   0,  15,  52, 312
10:58:18.475,  1388.04, -538.65, 1871.64,    0.00,    0.00,   0,  11,  56, 316
10:58:19.480,  1389.05, -533.82, 1876.05,    0.00,    0.00,   0,   7,  60, 320
10:58:20.483,  1390.05, -529.62, 1879.38,    0.00,    0.00,   0,   4,  63, 323
10:58:21.487,  1391.06, -526.76, 1881.27,    0.00,    0.00,   0,   4,  63, 323
10:58:22.492,  1392.06, -525.53, 1882.11,    0.00,    0.00,   0,   3,  64, 324
10:58:23.498,  1393.07, -524.77, 1882.62,    0.00,    0.00,   0,   2,  65, 325
10:58:24.507,  1394.08, -523.05, 1883.60,    0.00,    0.00,   0,   1,  67, 327
10:58:25.511,  1395.08, -520.01, 1885.28,    0.00,    0.00,   0,  -1,  68, 328
10:58:26.515,  1396.08, -515.96, 1887.33,    0.00,    0.00,   0,  -1,  68, 328
10:58:27.520,  1397.09, -511.41, 1889.37,    0.00,    0.00,   0,   0,  67, 327
10:58:28.527,  1398.10, -506.55, 1891.53,    0.00,    0.00,   0,   2,  65, 325
10:58:29.531,  1399.10, -501.18, 1894.04,    0.00,    0.00,   0,   4,  63, 323
10:58:30.537,  1400.11, -495.70, 1896.77,    0.00,    0.00,   0,   7,  60, 320
10:58:31.542,  1401.11, -490.85, 1899.73,    0.00,    0.00,   0,  12,  55, 315
10:58:32.543,  1402.11, -486.32, 1902.47,    0.00,    0.00,   0,  17,  50, 310
10:58:33.551,  1403.12, -482.70, 1905.57,    0.00,    0.00,   0,  24,  43, 303
10:58:34.555,  1404.13, -479.05, 1909.58,    0.00,    0.00,   0,  32,  35, 295
10:58:35.555,  1405.13, -475.37, 1913.99,    0.00,    0.00,   0,  39,  28, 288
10:58:36.557,  1406.13, -472.63, 1918.07,    0.00,    0.00,   0,  46,  21, 281
10:58:37.558,  1407.13, -470.37, 1922.35,    0.00,    0.00,   0,  53,  14, 274
10:58:38.563,  1408.13, -468.80, 1926.62,    0.00,    0.00,   0,  58,   9, 269
10:58:39.569,  1409.14, -467.48, 1931.50,    0.00,    0.00,   0,  61,   6, 266
10:58:40.571,  1410.14, -466.48, 1937.52,    0.00,    0.00,   0,  64,   3, 263
10:58:41.576,  1411.15, -466.03, 1945.00,    0.00,    0.00,   0,  66,   1, 261
10:58:42.578,  1412.15, -466.18, 1953.50,    0.00,    0.00,   0,  66,   1, 261
10:58:43.581,  1413.15, -466.14, 1961.89,    0.00,    0.00,   0,  65,   2, 262
10:58:44.586,  1414.16, -466.35, 1969.23,    0.00,    0.00,   0,  64,   3, 263
10:58:45.588,  1415.16, -466.48, 1975.14,    0.00,    0.00,   0,  64,   3, 263
10:58:46.595,  1416.16, -466.57, 1980.90,    0.00,    0.00,   0,  63,   4, 264
10:58:47.603,  1417.17, -466.75, 1987.17,    0.00,    0.00,   0,  63,   4, 264
10:58:48.607,  1418.18, -466.72, 1992.90,    0.00,    0.00,   0,  65,   2, 262
10:58:49.608,  1419.18, -466.75, 1997.82,    0.00,    0.00,   0,  66,   1, 261
10:58:50.610,  1420.18, -466.90, 2001.80,    0.00,    0.00,   0,  67,   0, 260
10:58:51.618,  1421.19, -467.05, 2004.61,    0.00,    0.00,   0,  67,   0, 260
10:58:52.627,  1422.20, -467.14, 2006.58,    0.00,    0.00,   0,  68, 359, 259
10:58:53.636,  1423.21, -467.26, 2008.51,    0.00,    0.00,   0,  68, 359, 259
10:58:54.641,  1424.21, -467.35, 2010.09,    0.00,    0.00,   0,  69, 358, 258
10:58:55.646,  1425.22, -467.38, 2010.52,    0.00,    0.00,   0,  69, 358, 258
10:58:56.647,  1426.22, -467.35, 2010.55,    0.00,    0.00,   0,  69, 358, 258
10:58:57.649,  1427.22, -467.35, 2010.59,    0.00,    0.00,   0,  69, 358, 258
10:58:58.658,  1428.23, -467.35, 2010.63,    0.00,    0.00,   0,  69, 358, 258
10:58:59.659,  1429.23, -467.38, 2010.66,    0.00,    0.00,   0,  69, 358, 258
10:59:00.667,  1430.24, -467.38, 2010.70,    0.00,    0.00,   0,  69, 358, 258
10:59:01.674,  1431.24, -467.41, 2010.73,    0.00,    0.00,   0,  69, 358, 258
10:59:02.683,  1432.25, -467.41, 2010.77,    0.00,    0.00,   0,  69, 358, 258
10:59:03.684,  1433.25, -467.41, 2010.81,    0.00,    0.00,   0,  68, 359, 259
10:59:04.689,  1434.26, -467.41, 2010.63,    0.00,    0.00,   0,  69, 358, 258
10:59:05.698,  1435.27, -467.41, 2010.81,    0.00,    0.00,   0,  69, 358, 258
10:59:06.707,  1436.28, -467.50, 2011.87,    0.00,    0.00,   0,  70, 357, 257
10:59:07.710,  1437.28, -467.68, 2014.46,    0.00,    0.00,   0,  73, 354, 254
10:59:08.718,  1438.29, -468.23, 2019.02,    0.00,    0.00,   0,  76, 351, 251
10:59:09.718,  1439.29, -469.16, 2024.89,    0.00,    0.00,   0,  78, 349, 249
10:59:10.725,  1440.30, -470.27, 2031.20,    0.00,    0.00,   0,  81, 346, 246
10:59:11.727,  1441.30, -471.81, 2037.84,    0.00,    0.00,   0,  83, 344, 244
10:59:12.728,  1442.30, -473.74, 2044.95,    0.00,    0.00,   0,  83, 344, 244
10:59:13.732,  1443.30, -475.98, 2052.04,    0.00,    0.00,   0,  83, 344, 244
10:59:14.738,  1444.31, -478.15, 2058.45,    0.00,    0.00,   0,  82, 345, 245
10:59:15.742,  1445.31, -480.23, 2064.88,    0.00,    0.00,   0,  82, 345, 245
10:59:16.748,  1446.32, -482.01, 2071.11,    0.00,    0.00,   0,  82, 345, 245
10:59:17.755,  1447.32, -483.61, 2076.58,    0.00,    0.00,   0,  83, 344, 244
10:59:18.758,  1448.33, -484.72, 2081.11,    0.00,    0.00,   0,  83, 344, 244
10:59:19.764,  1449.33, -485.93, 2084.94,    0.00,    0.00,   0,  83, 344, 244
10:59:20.770,  1450.34, -487.31, 2088.66,    0.00,    0.00,   0,  84, 343, 243
10:59:21.774,  1451.34, -488.64, 2092.60,    0.00,    0.00,   0,  85, 342, 242
10:59:22.779,  1452.35, -490.24, 2096.50,    0.00,    0.00,   0,  85, 342, 242
10:59:23.780,  1453.35, -490.78, 2097.60,    0.00,    0.00,   0,  85, 342, 242
10:59:24.783,  1454.35, -490.60, 2097.27,    0.00,    0.00,   0,  84, 343, 243
10:59:25.785,  1455.35, -490.33, 2096.73,    0.00,    0.00,   0,  85, 342, 242
10:59:26.790,  1456.36, -489.40, 2094.79,    0.00,    0.00,   0,  85, 342, 242
10:59:27.790,  1457.36, -488.34, 2092.35,    0.00,    0.00,   0,  86, 341, 241
10:59:28.792,  1458.36, -486.80, 2089.50,    0.00,    0.00,   0,  85, 342, 242
10:59:29.796,  1459.37, -484.90, 2085.85,    0.00,    0.00,   0,  83, 344, 244
10:59:30.804,  1460.37, -483.67, 2082.39,    0.00,    0.00,   0,  82, 345, 245
10:59:31.812,  1461.38, -481.01, 2076.37,    0.00,    0.00,   0,  81, 346, 246
10:59:32.819,  1462.39, -479.81, 2072.79,    0.00,    0.00,   0,  81, 346, 246
10:59:33.827,  1463.40, -479.02, 2069.94,    0.00,    0.00,   0,  80, 347, 247
10:59:34.830,  1464.40, -478.78, 2069.21,    0.00,    0.00,   0,  80, 347, 247
10:59:35.839,  1465.41, -478.69, 2069.25,    0.00,    0.00,   0,  80, 347, 247
10:59:36.844,  1466.41, -478.63, 2069.32,    0.00,    0.00,   0,  80, 347, 247
10:59:37.851,  1467.42, -478.57, 2069.44,    0.00,    0.00,   0,  80, 347, 247
10:59:38.854,  1468.42, -478.51, 2069.51,    0.00,    0.00,   0,  80, 347, 247
10:59:39.857,  1469.43, -478.45, 2069.58,    0.00,    0.00,   0,  80, 347, 247
10:59:40.865,  1470.44, -478.42, 2069.62,    0.00,    0.00,   0,  80, 347, 247
10:59:41.866,  1471.44, -478.42, 2069.69,    0.00,    0.00,   0,  80, 347, 247
10:59:42.867,  1472.44, -478.39, 2069.73,    0.00,    0.00,   0,  80, 347, 247
10:59:43.875,  1473.44, -478.39, 2069.76,    0.00,    0.00,   0,  80, 347, 247
10:59:44.877,  1474.45, -478.36, 2069.80,    0.00,    0.00,   0,  80, 347, 247
10:59:45.878,  1475.45, -478.39, 2069.83,    0.00,    0.00,   0,  80, 347, 247
10:59:46.883,  1476.45, -478.39, 2069.91,    0.00,    0.00,   0,  80, 347, 247
10:59:47.888,  1477.46, -478.39, 2069.94,    0.00,    0.00,   0,  80, 347, 247
10:59:48.896,  1478.47, -478.39, 2069.98,    0.00,    0.00,   0,  80, 347, 247
10:59:49.896,  1479.47, -478.39, 2070.01,    0.00,    0.00,   0,  80, 347, 247
10:59:50.906,  1480.48, -478.11, 2068.96,    0.00,    0.00,   0,  80, 347, 247
10:59:51.907,  1481.48, -478.00, 2068.55,    0.00,    0.00,   0,  80, 347, 247
10:59:52.913,  1482.48, -478.00, 2068.59,    0.00,    0.00,   0,  80, 347, 247
10:59:53.920,  1483.49, -477.81, 2067.79,    0.00,    0.00,   0,  80, 347, 247
10:59:54.928,  1484.50, -476.97, 2064.51,    0.00,    0.00,   0,  80, 347, 247
10:59:55.931,  1485.50, -475.92, 2060.39,    0.00,    0.00,   0,  82, 344, 244
10:59:56.938,  1486.51, -474.32, 2055.90,    0.00,    0.00,   0,  82, 345, 245
10:59:57.942,  1487.51, -472.66, 2050.50,    0.00,    0.00,   0,  82, 345, 245
10:59:58.946,  1488.52, -470.79, 2044.59,    0.00,    0.00,   0,  81, 346, 246
10:59:59.947,  1489.52, -469.16, 2038.90,    0.00,    0.00,   0,  81, 346, 246
11:00:00.952,  1490.52, -467.32, 2032.99,    0.00,    0.00,   0,  80, 347, 247
11:00:01.953,  1491.52, -465.60, 2027.51,    0.00,    0.00,   0,  81, 346, 246
11:00:02.958,  1492.53, -464.54, 2023.91,    0.00,    0.00,   0,  82, 345, 245
11:00:03.965,  1493.53, -464.31, 2023.07,    0.00,    0.00,   0,  82, 345, 245
11:00:04.966,  1494.54, -464.24, 2022.81,    0.00,    0.00,   0,  82, 345, 245
11:00:05.968,  1495.54, -464.39, 2023.22,    0.00,    0.00,   0,  84, 343, 243
11:00:06.970,  1496.54, -464.88, 2025.04,    0.00,    0.00,   0,  93, 333, 233
11:00:07.970,  1497.54, -465.88, 2027.60,    0.00,    0.00,   0, 104, 322, 222
11:00:08.972,  1498.54, -467.32, 2030.04,    0.00,    0.00,   0, 114, 312, 212
11:00:09.980,  1499.55, -469.19, 2032.30,    0.00,    0.00,   0, 127, 300, 200
11:00:10.982,  1500.55, -471.42, 2034.08,    0.00,    0.00,   0, 137, 290, 190
11:00:11.988,  1501.56, -474.13, 2035.36,    0.00,    0.00,   0, 152, 275, 175
11:00:12.994,  1502.56, -478.39, 2036.31,    0.00,    0.00,   0, 170, 257, 157
11:00:14.003,  1503.57, -482.94, 2035.83,    0.00,    0.00,   0,-169, 236, 136
11:00:15.008,  1504.58, -488.01, 2033.35,    0.00,    0.00,   0,-150, 217, 117
11:00:16.010,  1505.58, -493.08, 2027.96,    0.00,    0.00,   0,-145, 212, 112
11:00:17.012,  1506.58, -498.02, 2019.49,    0.00,    0.00,   0,-149, 216, 116
11:00:18.018,  1507.59, -504.57, 2008.44,    0.00,    0.00,   0,-153, 220, 120
11:00:19.021,  1508.59, -512.77, 1997.02,    0.00,    0.00,   0,-157, 224, 124
11:00:20.026,  1509.60, -521.52, 1986.08,    0.00,    0.00,   0,-161, 228, 128
11:00:21.031,  1510.60, -530.86, 1975.98,    0.00,    0.00,   0,-165, 232, 132
11:00:22.035,  1511.60, -540.48, 1966.93,    0.00,    0.00,   0,-171, 238, 138
11:00:23.037,  1512.61, -550.19, 1958.97,    0.00,    0.00,   0,-176, 243, 143
11:00:24.042,  1513.61, -560.12, 1952.15,    0.00,    0.00,   0,-178, 245, 145
11:00:25.052,  1514.62, -570.09, 1945.66,    0.00,    0.00,   0, 180, 247, 147
11:00:26.055,  1515.62, -580.50, 1939.93,    0.00,    0.00,   0, 174, 253, 153
11:00:27.056,  1516.63, -591.51, 1935.08,    0.00,    0.00,   0, 166, 262, 162
11:00:28.056,  1517.63, -602.85, 1931.80,    0.00,    0.00,   0, 156, 272, 172
11:00:29.060,  1518.63, -614.67, 1930.11,    0.00,    0.00,   0, 143, 284, 184
11:00:30.068,  1519.64, -627.18, 1931.03,    0.00,    0.00,   0, 132, 295, 195
11:00:31.069,  1520.64, -638.95, 1934.10,    0.00,    0.00,   0, 126, 301, 201
11:00:32.074,  1521.64, -649.74, 1938.47,    0.00,    0.00,   0, 120, 307, 207
11:00:33.076,  1522.65, -661.17, 1944.89,    0.00,    0.00,   0, 110, 317, 217
11:00:34.082,  1523.65, -672.76, 1953.64,    0.00,    0.00,   0, 103, 324, 224
11:00:35.088,  1524.66, -683.61, 1964.44,    0.00,    0.00,   0,  99, 328, 228
11:00:36.096,  1525.67, -693.56, 1976.52,    0.00,    0.00,   0,  96, 331, 231
11:00:37.098,  1526.67, -702.88, 1989.29,    0.00,    0.00,   0,  94, 333, 233
11:00:38.103,  1527.67, -711.63, 2002.34,    0.00,    0.00,   0,  93, 334, 234
11:00:39.109,  1528.68, -719.83, 2015.01,    0.00,    0.00,   0,  93, 334, 234
11:00:40.109,  1529.68, -727.64, 2027.12,    0.00,    0.00,   0,  92, 335, 235
11:00:41.110,  1530.68, -734.67, 2039.09,    0.00,    0.00,   0,  91, 336, 236
11:00:42.112,  1531.68, -740.76, 2050.79,    0.00,    0.00,   0,  91, 336, 236
11:00:43.122,  1532.69, -746.97, 2061.81,    0.00,    0.00,   0,  93, 334, 234
11:00:44.125,  1533.70, -753.39, 2072.20,    0.00,    0.00,   0,  93, 334, 234
11:00:45.127,  1534.70, -759.52, 2082.20,    0.00,    0.00,   0,  95, 332, 232
11:00:46.129,  1535.70, -765.79, 2091.14,    0.00,    0.00,   0,  95, 332, 232
11:00:47.139,  1536.71, -771.58, 2098.55,    0.00,    0.00,   0,  95, 332, 232
11:00:48.140,  1537.71, -775.84, 2103.98,    0.00,    0.00,   0,  94, 333, 233
11:00:49.145,  1538.72, -778.48, 2107.49,    0.00,    0.00,   0,  93, 334, 234
11:00:50.147,  1539.72, -780.93, 2110.41,    0.00,    0.00,   0,  92, 335, 235
11:00:51.157,  1540.73, -783.53, 2114.31,    0.00,    0.00,   0,  90, 337, 237
11:00:52.162,  1541.73, -786.21, 2119.26,    0.00,    0.00,   0,  88, 339, 239
11:00:53.165,  1542.74, -789.77, 2125.57,    0.00,    0.00,   0,  92, 335, 235
11:00:54.174,  1543.74, -794.41, 2132.80,    0.00,    0.00,   0,  97, 330, 230
11:00:55.175,  1544.75, -800.14, 2140.60,    0.00,    0.00,   0,  95, 332, 232
11:00:56.177,  1545.75, -806.26, 2148.71,    0.00,    0.00,   0,  89, 338, 238
11:00:57.180,  1546.75, -806.26, 2156.33,    0.00,    0.00,   0,  85, 342, 242
11:00:58.181,  1547.75, -811.35, 2156.33,    0.00,    0.00,   0,  81, 346, 246
11:00:59.185,  1548.75, -815.12, 2162.67,    0.00,    0.00,   0,  79, 348, 248
11:01:00.190,  1549.76, -817.57, 2167.96,    0.00,    0.00,   0,  76, 351, 251
11:01:01.193,  1550.76, -818.99, 2172.89,    0.00,    0.00,   0,  74, 353, 253
11:01:02.195,  1551.76, -821.01, 2179.13,    0.00,    0.00,   0,  72, 355, 255
11:01:03.198,  1552.77, -823.85, 2188.14,    0.00,    0.00,   0,  71, 356, 256
11:01:04.201,  1553.77, -827.07, 2200.61,    0.00,    0.00,   0,  70, 357, 257
11:01:05.210,  1554.78, -830.60, 2216.09,    0.00,    0.00,   0,  71, 356, 256
11:01:06.217,  1555.79, -834.01, 2233.12,    0.00,    0.00,   0,  74, 353, 253
11:01:07.220,  1556.79, -837.57, 2249.49,    0.00,    0.00,   0,  74, 353, 253
11:01:08.227,  1557.80, -841.06, 2263.58,    0.00,    0.00,   0,  75, 352, 252
11:01:09.233,  1558.80, -844.23, 2274.89,    0.00,    0.00,   0,  75, 352, 252
11:01:10.236,  1559.81, -846.19, 2281.86,    0.00,    0.00,   0,  76, 351, 251
11:01:11.245,  1560.82, -846.92, 2284.26,    0.00,    0.00,   0,  76, 351, 251
11:01:12.252,  1561.82, -846.94, 2284.33,    0.00,    0.00,   0,  76, 351, 251
11:01:13.253,  1562.82, -846.94, 2284.33,    0.00,    0.00,   0,  76, 351, 251
11:01:14.256,  1563.83, -846.92, 2284.30,    0.00,    0.00,   0,  76, 351, 251
11:01:15.265,  1564.84, -846.92, 2284.26,    0.00,    0.00,   0,  76, 351, 251
11:01:16.267,  1565.84, -846.92, 2284.26,    0.00,    0.00,   0,  76, 351, 251
11:01:17.271,  1566.84, -846.88, 2284.23,    0.00,    0.00,   0,  76, 351, 251
11:01:18.275,  1567.85, -846.88, 2284.19,    0.00,    0.00,   0,  76, 351, 251
11:01:19.280,  1568.85, -846.88, 2284.19,    0.00,    0.00,   0,  76, 351, 251
11:01:20.281,  1569.85, -846.88, 2284.15,    0.00,    0.00,   0,  76, 351, 251
11:01:21.289,  1570.86, -846.86, 2284.12,    0.00,    0.00,   0,  76, 351, 251
11:01:22.297,  1571.87, -846.86, 2284.08,    0.00,    0.00,   0,  76, 351, 251
11:01:23.306,  1572.88, -846.86, 2284.05,    0.00,    0.00,   0,  76, 351, 251
11:01:24.309,  1573.88, -846.82, 2284.05,    0.00,    0.00,   0,  76, 351, 251
11:01:25.312,  1574.88, -846.82, 2284.01,    0.00,    0.00,   0,  76, 351, 251
11:01:26.319,  1575.89, -846.79, 2283.97,    0.00,    0.00,   0,  76, 351, 251
11:01:27.324,  1576.89, -846.79, 2283.94,    0.00,    0.00,   0,  75, 352, 252
11:01:28.331,  1577.90, -846.76, 2283.94,    0.00,    0.00,   0,  75, 352, 252
11:01:29.337,  1578.91, -846.76, 2283.90,    0.00,    0.00,   0,  76, 351, 251
11:01:30.345,  1579.92, -846.76, 2283.87,    0.00,    0.00,   0,  76, 351, 251
11:01:31.349,  1580.92, -846.76, 2283.83,    0.00,    0.00,   0,  76, 351, 251
11:01:32.354,  1581.92, -846.73, 2283.79,    0.00,    0.00,   0,  75, 352, 252
11:01:33.362,  1582.93, -846.73, 2283.76,    0.00,    0.00,   0,  76, 351, 251
11:01:34.365,  1583.94, -846.73, 2283.72,    0.00,    0.00,   0,  76, 351, 251
11:01:35.372,  1584.94, -846.73, 2283.68,    0.00,    0.00,   0,  76, 351, 251
11:01:36.380,  1585.95, -846.71, 2283.64,    0.00,    0.00,   0,  76, 351, 251
11:01:37.383,  1586.95, -846.71, 2283.60,    0.00,    0.00,   0,  76, 351, 251
11:01:38.384,  1587.95, -846.71, 2283.57,    0.00,    0.00,   0,  76, 351, 251
11:01:39.387,  1588.96, -846.71, 2283.53,    0.00,    0.00,   0,  76, 351, 251
11:01:40.390,  1589.96, -846.71, 2283.50,    0.00,    0.00,   0,  76, 351, 251
11:01:41.392,  1590.96, -846.71, 2283.46,    0.00,    0.00,   0,  76, 351, 251
11:01:42.401,  1591.97, -846.71, 2283.42,    0.00,    0.00,   0,  76, 351, 251
11:01:43.475,  1593.04, -846.71, 2283.39,    0.00,    0.00,   0,  76, 351, 251
11:01:44.476,  1594.05, -846.67, 2283.35,    0.00,    0.00,   0,  76, 351, 251
11:01:45.479,  1595.05, -846.67, 2283.32,    0.00,    0.00,   0,  76, 351, 251
11:01:46.486,  1596.06, -846.71, 2283.28,    0.00,    0.00,   0,  76, 351, 251
11:01:47.489,  1597.06, -846.67, 2283.24,    0.00,    0.00,   0,  76, 351, 251
11:01:48.495,  1598.07, -846.67, 2283.24,    0.00,    0.00,   0,  76, 351, 251
11:01:49.501,  1599.07, -846.67, 2283.21,    0.00,    0.00,   0,  76, 351, 251
11:01:50.502,  1600.07, -846.71, 2283.17,    0.00,    0.00,   0,  76, 351, 251
11:01:51.509,  1601.08, -846.71, 2283.17,    0.00,    0.00,   0,  76, 351, 251
11:01:52.513,  1602.08, -846.71, 2283.14,    0.00,    0.00,   0,  76, 351, 251
11:01:53.520,  1603.09, -846.71, 2283.14,    0.00,    0.00,   0,  76, 351, 251
11:01:54.528,  1604.10, -846.71, 2283.14,    0.00,    0.00,   0,  76, 351, 251
11:01:55.534,  1605.10, -846.71, 2283.10,    0.00,    0.00,   0,  76, 351, 251
11:01:56.539,  1606.11, -846.73, 2283.10,    0.00,    0.00,   0,  76, 351, 251
11:01:57.548,  1607.12, -846.73, 2283.10,    0.00,    0.00,   0,  76, 351, 251
11:01:58.555,  1608.12, -846.73, 2283.06,    0.00,    0.00,   0,  75, 352, 252
11:01:59.559,  1609.13, -846.73, 2283.06,    0.00,    0.00,   0,  75, 352, 252
11:02:00.564,  1610.13, -846.73, 2283.06,    0.00,    0.00,   0,  75, 352, 252
11:02:01.569,  1611.14, -846.76, 2283.06,    0.00,    0.00,   0,  75, 352, 252
11:02:02.575,  1612.14, -846.76, 2283.06,    0.00,    0.00,   0,  75, 352, 252
11:02:03.584,  1613.15, -846.76, 2283.03,    0.00,    0.00,   0,  75, 352, 252
11:02:04.592,  1614.16, -846.79, 2283.03,    0.00,    0.00,   0,  75, 352, 252
11:02:05.592,  1615.16, -846.79, 2283.03,    0.00,    0.00,   0,  75, 352, 252
11:02:06.601,  1616.17, -846.79, 2283.03,    0.00,    0.00,   0,  75, 352, 252
11:02:07.603,  1617.17, -846.79, 2282.99,    0.00,    0.00,   0,  75, 352, 252
11:02:08.606,  1618.18, -846.79, 2282.96,    0.00,    0.00,   0,  75, 352, 252
11:02:09.608,  1619.18, -846.79, 2282.96,    0.00,    0.00,   0,  75, 352, 252
11:02:10.615,  1620.19, -846.79, 2282.96,    0.00,    0.00,   0,  75, 352, 252
11:02:11.620,  1621.19, -846.76, 2282.96,    0.00,    0.00,   0,  75, 352, 252
11:02:12.620,  1622.19, -846.79, 2282.91,    0.00,    0.00,   0,  75, 352, 252
11:02:13.622,  1623.19, -846.79, 2282.91,    0.00,    0.00,   0,  75, 352, 252
11:02:14.623,  1624.19, -846.79, 2282.91,    0.00,    0.00,   0,  75, 352, 252
11:02:15.624,  1625.19, -846.79, 2282.91,    0.00,    0.00,   0,  75, 352, 252
11:02:16.628,  1626.20, -846.76, 2282.87,    0.00,    0.00,   0,  75, 352, 252
11:02:17.631,  1627.20, -846.76, 2282.87,    0.00,    0.00,   0,  75, 352, 252
11:02:18.640,  1628.21, -846.73, 2282.84,    0.00,    0.00,   0,  75, 352, 252
11:02:19.641,  1629.21, -846.71, 2282.84,    0.00,    0.00,   0,  75, 352, 252
11:02:20.644,  1630.21, -846.71, 2282.80,    0.00,    0.00,   0,  75, 352, 252
11:02:21.651,  1631.22, -846.67, 2282.80,    0.00,    0.00,   0,  75, 352, 252
11:02:22.655,  1632.22, -846.67, 2282.80,    0.00,    0.00,   0,  75, 352, 252
11:02:24.443,  1634.01, -846.64, 2282.77,    0.00,    0.00,   0,  75, 352, 252
11:02:25.444,  1635.01, -846.61, 2282.77,    0.00,    0.00,   0,  75, 352, 252
11:02:26.448,  1636.02, -846.58, 2282.73,    0.00,    0.00,   0,  75, 352, 252
11:02:27.450,  1637.02, -846.58, 2282.73,    0.00,    0.00,   0,  75, 352, 252
11:02:28.453,  1638.02, -846.56, 2282.73,    0.00,    0.00,   0,  75, 352, 252
11:02:29.461,  1639.03, -846.56, 2282.73,    0.00,    0.00,   0,  75, 352, 252
11:02:30.466,  1640.04, -846.52, 2282.73,    0.00,    0.00,   0,  75, 352, 252
11:02:31.467,  1641.04, -846.49, 2282.73,    0.00,    0.00,   0,  75, 352, 252
11:02:32.471,  1642.04, -846.49, 2282.73,    0.00,    0.00,   0,  75, 352, 252
11:02:33.476,  1643.05, -846.52, 2282.69,    0.00,    0.00,   0,  75, 352, 252
11:02:34.479,  1644.05, -846.56, 2282.69,    0.00,    0.00,   0,  75, 352, 252
11:02:35.486,  1645.06, -846.56, 2282.73,    0.00,    0.00,   0,  75, 352, 252
11:02:36.486,  1646.06, -846.52, 2282.73,    0.00,    0.00,   0,  75, 352, 252
11:02:37.494,  1647.06, -846.52, 2282.84,    0.00,    0.00,   0,  76, 351, 251
11:02:38.499,  1648.07, -846.73, 2283.53,    0.00,    0.00,   0,  78, 349, 249
11:02:39.502,  1649.07, -847.39, 2285.72,    0.00,    0.00,   0,  79, 348, 248
11:02:40.503,  1650.07, -848.63, 2289.73,    0.00,    0.00,   0,  81, 346, 246
11:02:41.509,  1651.08, -850.14, 2294.52,    0.00,    0.00,   0,  80, 347, 247
11:02:42.520,  1652.09, -851.89, 2299.65,    0.00,    0.00,   0,  80, 347, 247
11:02:43.527,  1653.10, -853.12, 2303.78,    0.00,    0.00,   0,  79, 348, 248
11:02:44.535,  1654.10, -854.48, 2307.54,    0.00,    0.00,   0,  78, 349, 249
11:02:45.539,  1655.11, -855.90, 2311.15,    0.00,    0.00,   0,  76, 351, 251
11:02:46.543,  1656.11, -857.53, 2314.76,    0.00,    0.00,   0,  67,   0, 260
11:02:47.552,  1657.12, -859.00, 2319.03,    0.00,    0.00,   0,  51,  16, 276
11:02:48.553,  1658.12, -860.30, 2324.18,    0.00,    0.00,   0,  22,  45, 305
11:02:49.564,  1659.13, -859.40, 2331.47,    0.00,    0.00,   0,  -4,  72, 332
11:02:50.573,  1660.14, -839.92, 2346.32,    0.00,    0.00,   0, -14,  81, 341
11:02:51.578,  1661.15, -821.19, 2352.34,    0.00,    0.00,   0, -14,  81, 341
11:02:52.580,  1662.15, -798.36, 2359.16,    0.00,    0.00,   0, -12,  79, 339
11:02:53.582,  1663.15, -772.67, 2367.33,    0.00,    0.00,   0, -12,  79, 339
11:02:54.589,  1664.16, -747.04, 2375.90,    0.00,    0.00,   0, -12,  79, 339
11:02:55.592,  1665.16, -723.75, 2383.71,    0.00,    0.00,   0, -12,  79, 339
11:02:56.600,  1666.17, -705.05, 2389.94,    0.00,    0.00,   0, -15,  82, 342
11:02:57.603,  1667.17, -690.85, 2393.85,    0.00,    0.00,   0, -26,  94, 354
11:02:58.607,  1668.18, -679.33, 2394.80,    0.00,    0.00,   0, -46, 114,  14
11:02:59.610,  1669.18, -670.10, 2393.04,    0.00,    0.00,   0, -64, 131,  31
11:03:00.617,  1670.19, -664.04, 2389.91,    0.00,    0.00,   0, -75, 142,  42
11:03:01.625,  1671.20, -659.34, 2385.35,    0.00,    0.00,   0, -81, 148,  48
11:03:02.632,  1672.20, -653.61, 2377.90,    0.00,    0.00,   0, -84, 151,  51
11:03:03.640,  1673.21, -646.28, 2367.00,    0.00,    0.00,   0, -85, 152,  52
11:03:04.641,  1674.21, -637.50, 2353.98,    0.00,    0.00,   0, -86, 153,  53
11:03:05.642,  1675.21, -628.06, 2339.71,    0.00,    0.00,   0, -87, 154,  54
11:03:06.644,  1676.21, -618.35, 2324.28,    0.00,    0.00,   0, -88, 155,  55
11:03:07.652,  1677.22, -608.70, 2308.52,    0.00,    0.00,   0, -88, 155,  55
11:03:08.658,  1678.23, -600.38, 2294.52,    0.00,    0.00,   0, -88, 155,  55
11:03:09.667,  1679.24, -593.74, 2283.42,    0.00,    0.00,   0, -89, 156,  56
11:03:10.669,  1680.24, -588.62, 2274.56,    0.00,    0.00,   0, -99, 166,  66
11:03:11.670,  1681.24, -585.54, 2267.48,    0.00,    0.00,   0,-119, 186,  86
11:03:12.676,  1682.25, -584.85, 2260.80,    0.00,    0.00,   0,-141, 208, 108
11:03:13.680,  1683.25, -586.53, 2254.78,    0.00,    0.00,   0,-162, 229, 129
11:03:14.680,  1684.25, -589.67, 2250.52,    0.00,    0.00,   0,-179, 246, 146
11:03:15.683,  1685.25, -592.69, 2248.26,    0.00,    0.00,   0, 173, 254, 154
11:03:16.687,  1686.26, -593.44, 2247.78,    0.00,    0.00,   0, 173, 254, 154
11:03:17.693,  1687.26, -593.41, 2247.82,    0.00,    0.00,   0, 173, 254, 154
11:03:18.697,  1688.27, -593.20, 2247.93,    0.00,    0.00,   0, 173, 254, 154
11:03:19.700,  1689.27, -593.01, 2248.04,    0.00,    0.00,   0, 173, 254, 154
11:03:20.706,  1690.28, -592.96, 2248.12,    0.00,    0.00,   0, 173, 254, 154
11:03:21.713,  1691.28, -592.93, 2248.08,    0.00,    0.00,   0, 173, 254, 154
11:03:22.713,  1692.28, -592.96, 2248.08,    0.00,    0.00,   0, 173, 254, 154
11:03:23.715,  1693.29, -593.01, 2248.08,    0.00,    0.00,   0, 173, 254, 154
11:03:24.723,  1694.29, -593.08, 2248.04,    0.00,    0.00,   0, 173, 254, 154
11:03:25.726,  1695.30, -593.11, 2248.04,    0.00,    0.00,   0, 173, 254, 154
11:03:26.734,  1696.30, -593.17, 2248.08,    0.00,    0.00,   0, 175, 252, 152
11:03:27.744,  1697.31, -592.24, 2248.44,    0.00,    0.00,   0, 176, 250, 150
11:03:28.748,  1698.32, -590.54, 2248.30,    0.00,    0.00,   0,-146, 213, 113
11:03:29.750,  1699.32, -590.18, 2247.05,    0.00,    0.00,   0,-140, 207, 107
11:03:30.757,  1700.33, -591.48, 2244.39,    0.00,    0.00,   0,-147, 214, 114
11:03:31.762,  1701.33, -593.32, 2241.44,    0.00,    0.00,   0,-159, 226, 126
11:03:32.770,  1702.34, -595.82, 2238.70,    0.00,    0.00,   0,-161, 228, 128
11:03:33.771,  1703.34, -598.57, 2236.11,    0.00,    0.00,   0,-160, 227, 127
11:03:34.778,  1704.35, -601.40, 2233.52,    0.00,    0.00,   0,-154, 220, 120
11:03:35.787,  1705.36, -603.57, 2230.93,    0.00,    0.00,   0,-119, 186,  86
11:03:36.791,  1706.36, -603.87, 2228.88,    0.00,    0.00,   0, -57, 124,  24
11:03:37.798,  1707.37, -603.09, 2227.61,    0.00,    0.00,   0, -38, 105,   5
11:03:38.801,  1708.37, -602.85, 2227.17,    0.00,    0.00,   0, -38, 105,   5
11:03:39.802,  1709.37, -602.91, 2227.14,    0.00,    0.00,   0, -38, 105,   5
11:03:40.803,  1710.37, -602.97, 2227.06,    0.00,    0.00,   0, -38, 105,   5
11:03:41.808,  1711.38, -603.00, 2227.03,    0.00,    0.00,   0, -38, 105,   5
11:03:42.808,  1712.38, -603.06, 2226.96,    0.00,    0.00,   0, -38, 105,   5
11:03:43.817,  1713.39, -603.12, 2226.92,    0.00,    0.00,   0, -38, 105,   5
11:03:44.818,  1714.39, -603.18, 2226.88,    0.00,    0.00,   0, -38, 105,   5
11:03:45.830,  1715.40, -603.24, 2226.85,    0.00,    0.00,   0, -38, 105,   5
11:03:46.831,  1716.40, -603.27, 2226.81,    0.00,    0.00,   0, -38, 105,   5
11:03:47.836,  1717.41, -603.33, 2226.74,    0.00,    0.00,   0, -38, 105,   5
11:03:48.839,  1718.41, -603.39, 2226.66,    0.00,    0.00,   0, -38, 105,   5
11:03:49.850,  1719.42, -603.39, 2226.59,    0.00,    0.00,   0, -38, 105,   5
11:03:50.854,  1720.42, -603.39, 2226.55,    0.00,    0.00,   0, -38, 105,   5
11:03:51.871,  1721.44, -603.39, 2226.51,    0.00,    0.00,   0, -38, 105,   5
11:03:52.876,  1722.45, -603.39, 2226.48,    0.00,    0.00,   0, -38, 105,   5
11:03:53.879,  1723.45, -603.45, 2226.48,    0.00,    0.00,   0, -38, 105,   5
11:03:54.882,  1724.45, -603.45, 2226.48,    0.00,    0.00,   0, -38, 105,   5
11:03:55.890,  1725.46, -603.51, 2226.48,    0.00,    0.00,   0, -38, 105,   5
11:03:56.899,  1726.47, -603.57, 2226.48,    0.00,    0.00,   0, -38, 105,   5
11:03:57.907,  1727.48, -603.60, 2226.44,    0.00,    0.00,   0, -38, 105,   5
11:03:58.916,  1728.49, -603.64, 2226.41,    0.00,    0.00,   0, -38, 105,   5
11:03:59.919,  1729.49, -603.66, 2226.41,    0.00,    0.00,   0, -38, 105,   5
11:04:00.927,  1730.50, -603.72, 2226.37,    0.00,    0.00,   0, -38, 105,   5
11:04:01.937,  1731.51, -603.85, 2226.33,    0.00,    0.00,   0, -38, 105,   5
11:04:02.942,  1732.51, -603.94, 2226.26,    0.00,    0.00,   0, -38, 105,   5
11:04:03.952,  1733.52, -604.00, 2226.19,    0.00,    0.00,   0, -38, 105,   5
11:04:04.959,  1734.53, -604.06, 2226.12,    0.00,    0.00,   0, -38, 105,   5
11:04:05.960,  1735.53, -604.06, 2226.08,    0.00,    0.00,   0, -38, 105,   5
