10:56:21.176,     1.00, -607.71, 2220.94,    0.00,    0.00,   0,   0,  98, 0.36
10:56:22.176,     2.00, -607.71, 2220.94,    0.00,    0.00,   0,   0,  98, 0.36
10:56:23.176,     3.00, -607.71, 2220.94,    0.00,    0.00,   0,   0,  98, 0.36
10:56:24.176,     4.00, -607.71, 2220.94,    0.00,    0.00,   0,   0,  98, 0.36
10:56:25.176,     5.00, -607.71, 2220.94,    0.00,    0.00,   0,   0,  98, 0.36
10:56:26.176,     6.00, -607.71, 2220.94,    0.00,    0.00,   0,   0,  98, 0.36
10:56:27.176,     7.00, -607.71, 2220.94,    0.00,    0.00,   0,   0,  98, 0.36
10:56:28.176,     8.00, -607.71, 2220.94,    0.00,    0.00,   0,   0,  98, 0.36
10:56:29.176,     9.00, -607.71, 2220.94,    0.00,    0.00,   0,   0,  98, 0.36
10:56:30.177,    10.00, -607.71, 2220.94,    0.00,    0.00,   0,   0,  98, 0.36
10:56:31.177,    11.00, -607.71, 2220.94,    0.00,    0.00,   0,   0,  98, 0.36
10:56:32.177,    12.00, -606.05, 2221.08,    0.00,    0.00,   0,   0,  98, 0.28
10:56:33.177,    13.00, -606.05, 2221.08,    0.00,    0.00,   0,   0,  98, 0.28
10:56:34.177,    14.00, -606.05, 2221.08,    0.00,    0.00,   0,   0,  98, 0.28
10:56:35.177,    15.00, -606.05, 2221.08,    0.00,    0.00,   0,   0,  98, 0.28
10:56:36.177,    16.00, -606.05, 2221.08,    0.00,    0.00,   0,   0,  98, 0.28
10:56:37.177,    17.00, -606.05, 2221.08,    0.00,    0.00,   0,   0,  98, 0.28
10:56:38.177,    18.00, -606.05, 2221.08,    0.00,    0.00,   0,   0,  98, 0.28
10:56:39.177,    19.00, -606.05, 2221.08,    0.00,    0.00,   0,   0,  98, 0.28
10:56:40.177,    20.00, -606.05, 2221.08,    0.00,    0.00,   0,   0,  98, 0.28
10:56:41.177,    21.00, -606.05, 2221.08,    0.00,    0.00,   0,   0,  98, 0.28
10:56:42.177,    22.00, -606.05, 2221.08,    0.00,    0.00,   0,   0,  98, 0.28
10:56:43.178,    23.00, -604.21, 2221.41,    0.00,    0.00,   0,   0,  98, 0.05
10:56:44.178,    24.00, -604.21, 2221.41,    0.00,    0.00,   0,   0,  98, 0.05
10:56:45.178,    25.00, -604.21, 2221.41,    0.00,    0.00,   0,   0,  98, 0.05
10:56:46.178,    26.00, -604.21, 2221.41,    0.00,    0.00,   0,   0,  98, 0.05
10:56:47.178,    27.00, -604.21, 2221.41,    0.00,    0.00,   0,   0,  98, 0.05
10:56:48.178,    28.00, -604.21, 2221.38,    0.00,    0.00,   0,   0,  98, 0.05
10:56:49.178,    29.00, -604.21, 2221.38,    0.00,    0.00,   0,   0,  98, 0.05
10:56:50.178,    30.00, -604.21, 2221.38,    0.00,    0.00,   0,   0,  98, 0.05
10:56:51.178,    31.00, -604.21, 2221.38,    0.00,    0.00,   0,   0,  98, 0.05
10:56:52.178,    32.00, -604.45, 2221.49,    0.00,    0.00,   0,   0,  48, 0.05
10:56:53.178,    33.00, -604.45, 2221.49,    0.00,    0.00,   0,   0,  28, 0.05
10:56:54.178,    34.00, -604.45, 2221.49,    0.00,    0.00,   0,   0,  20, 0.05
10:56:55.178,    35.00, -604.45, 2221.49,    0.00,    0.00,   0,   0,  20, 0.05
10:56:56.178,    36.00, -604.45, 2221.49,    0.00,    0.00,   0,   0,  20, 0.05
10:56:57.178,    37.00, -605.62, 2224.11,    0.00,    0.00,   0,   0,  20, 0.05
10:56:58.178,    38.00, -605.60, 2224.04,    0.00,    0.00,  10,   0,  20, 0.05
10:56:59.178,    39.00, -605.60, 2224.04,    0.00,    0.00,  20,   0,  20, 0.05
10:57:00.178,    40.00, -605.53, 2224.22,    0.00,    0.00,  20,   0,  20, 0.05
10:57:01.178,    41.00, -605.53, 2224.22,    0.00,    0.00,  20,   0,  19, 0.05
10:57:02.178,    42.00, -605.53, 2224.22,    0.00,    0.00,  20,   0,  20, 0.05
10:57:03.178,    43.00, -605.02, 2225.42,    0.00,    0.00,  20,   0,  20, 0.05
10:57:04.178,    44.00, -605.02, 2225.42,    0.00,    0.00,  20,  -6,  20, 0.05
10:57:05.178,    45.00, -604.62, 2226.23,    0.00,    0.00,  20, -12,  18, 0.05
10:57:06.178,    46.00, -604.62, 2226.23,    0.00,    0.00,  20, -12,  13, 0.05
10:57:07.178,    47.00, -604.39, 2226.96,    0.00,    0.00,  20, -12,   8, 0.05
10:57:08.178,    48.00, -604.39, 2226.96,    0.00,    0.00,  40, -12,   0, 0.05
10:57:09.178,    49.00, -604.39, 2226.96,    0.00,    0.00,  40, -12, 349, 0.05
10:57:10.178,    50.00, -604.39, 2226.96,    0.00,    0.00,  40, -12, 340, 0.05
10:57:11.179,    51.00, -604.39, 2226.96,    0.00,    0.00,  40, -12, 332, 0.05
10:57:12.179,    52.00, -604.39, 2229.69,    0.00,    0.00,  40, -12, 322, 0.05
10:57:13.179,    53.00, -604.62, 2230.27,    0.00,    0.00,  40, -12, 312, 0.05
10:57:14.179,    54.00, -604.99, 2230.89,    0.00,    0.00,  40, -12, 302, 0.05
10:57:15.179,    55.00, -604.99, 2230.89,    0.00,    0.00,  40,   0, 293, 0.05
10:57:16.179,    56.00, -604.99, 2230.89,    0.00,    0.00,  40,   0, 293, 0.05
10:57:17.726,    57.47, -607.79, 2232.64, -607.47, 2232.50,  40, -14, 293, 0.05
10:57:18.686,    58.47, -608.67, 2233.05, -608.38, 2232.83,  40,  -8, 285, 0.05
10:57:19.680,    59.47, -608.67, 2233.05, -608.80, 2232.97,  50,  -3, 280, 0.05
10:57:20.679,    60.47, -608.67, 2233.05, -608.89, 2233.00,  50,  -1, 278, 0.05
10:57:21.681,    61.47, -611.11, 2233.74, -610.81, 2233.28,  50,   0, 277, 0.05
10:57:22.679,    62.47, -611.11, 2233.74, -611.26, 2233.36,  50,   0, 277, 0.05
10:57:23.680,    63.47, -613.29, 2234.10, -613.04, 2233.63,  50,  -1, 278, 0.05
10:57:24.681,    64.47, -614.40, 2234.33, -614.31, 2233.85,  50,  -2, 278, 0.05
10:57:25.681,    65.47, -614.40, 2234.33, -614.60, 2233.95,  50,  -1, 277, 0.05
10:57:26.680,    66.47, -614.40, 2234.33, -614.66, 2234.00,  50,  -2, 277, 0.05
10:57:27.682,    67.47, -614.40, 2234.33, -614.67, 2234.05,  50,  -1, 276, 0.05
10:57:28.684,    68.47, -614.32, 2233.54, -614.54, 2233.98,  50,  -1, 276, 0.05
10:57:29.682,    69.47, -614.40, 2234.33, -614.64, 2234.03,  50,  -1, 276, 0.05
10:57:30.682,    70.47, -614.40, 2234.33, -614.66, 2234.09,  50,  -1, 275, 0.05
10:57:31.683,    71.47, -614.40, 2234.33, -614.66, 2234.13,  50,  -1, 275, 0.05
10:57:32.684,    72.47, -621.79, 2235.24, -620.35, 2234.75,  37,   2, 274, 0.05
10:57:33.682,    73.47, -621.79, 2235.24, -621.61, 2234.93,  37,   1, 275, 0.05
10:57:34.683,    74.47, -621.79, 2235.24, -621.90, 2235.01,  37,  -1, 276, 0.05
10:57:35.685,    75.50, -624.77, 2235.24, -624.23, 2235.29,  50,  47, 275, 0.05
10:57:36.707,    76.50, -624.77, 2235.45, -625.55, 2235.31,  50,  32, 293, 0.05
10:57:37.707,    77.50, -624.77, 2235.45, -625.77, 2235.22,  50,  15, 310, 0.05
10:57:38.707,    78.50, -624.77, 2235.45, -625.68, 2235.04,  50,   6, 320, 0.05
10:57:39.706,    79.50, -627.70, 2236.00, -626.79, 2236.34,  50,   1, 325, 0.05
10:57:40.706,    80.50, -629.05, 2237.54, -627.96, 2237.88,  50,   1, 325, 0.05
10:57:41.707,    81.50, -629.05, 2237.54, -628.28, 2238.19,  50,   1, 326, 0.05
10:57:42.707,    82.50, -629.05, 2237.54, -628.41, 2238.21,  50,   0, 327, 0.05
10:57:43.706,    83.50, -629.05, 2237.54, -628.49, 2238.18,  50,   0, 327, 0.05
10:57:44.707,    84.50, -629.05, 2237.54, -628.56, 2238.14,  50,   1, 327, 0.05
10:57:45.706,    85.50, -629.05, 2237.54, -628.63, 2238.10,  50,   1, 327, 0.05
10:57:46.708,    86.50, -629.05, 2237.54, -628.70, 2238.06,  50,   1, 327, 0.05
10:57:47.706,    87.50, -629.05, 2237.54, -628.77, 2238.02,  50,   1, 328, 0.05
10:57:48.706,    88.50, -633.76, 2245.02, -632.50, 2243.69,  50,  -2, 330, 0.05
10:57:49.706,    89.50, -633.76, 2245.02, -633.40, 2244.98,  50,   0, 328, 0.05
10:57:50.707,    90.50, -633.76, 2245.02, -633.64, 2245.25,  50,   1, 328, 0.05
10:57:51.707,    91.50, -633.76, 2245.02, -633.72, 2245.30,  50,   0, 329, 0.05
10:57:52.707,    92.50, -635.99, 2248.77, -635.58, 2248.11,  50,  -1, 330, 0.05
10:57:53.707,    93.50, -636.57, 2249.72, -636.47, 2249.48,  50,  -1, 329, 0.05
10:57:54.706,    94.50, -636.57, 2249.72, -636.67, 2249.80,  50,  -1, 329, 0.05
10:57:55.707,    95.50, -636.57, 2249.72, -636.71, 2249.88,  50,   0, 328, 0.05
10:57:56.706,    96.50, -636.57, 2249.72, -636.72, 2249.89,  50,  -1, 329, 0.05
10:57:57.707,    97.50, -636.57, 2249.72, -636.72, 2249.90,  50,  -1, 329, 0.05
10:57:58.709,    98.50, -636.57, 2249.72, -636.70, 2249.91,  50,   1, 327, 0.05
10:57:59.707,    99.50, -636.57, 2249.72, -636.70, 2249.91,  50,   1, 327, 0.05
10:58:00.706,   100.50, -636.57, 2249.72, -636.71, 2249.90,  50,   0, 328, 0.05
10:58:01.707,   101.50, -640.94, 2257.16, -640.36, 2255.44,  37,  -2, 329, 0.05
10:58:02.707,   102.50, -640.94, 2257.16, -641.11, 2256.71,  37,  -3, 328, 0.05
10:58:03.706,   103.50, -640.94, 2257.16, -641.25, 2257.03,  37,  -4, 327, 0.05
10:58:04.707,   104.50, -640.94, 2257.16, -641.24, 2257.13,  37,  -3, 325, 0.05
10:58:05.706,   105.50, -640.94, 2257.16, -641.20, 2257.17,  37,  -2, 323, 0.05
10:58:06.708,   106.50, -642.87, 2259.86, -642.76, 2259.19,  37,  -1, 321, 0.05
10:58:07.708,   107.50, -642.87, 2259.86, -643.09, 2259.67,  37,  -2, 320, 0.05
10:58:08.707,   108.50, -642.87, 2259.86, -643.13, 2259.81,  37,  -2, 318, 0.05
10:58:09.707,   109.50, -642.87, 2259.86, -643.12, 2259.85,  37,  -3, 317, 0.05
10:58:10.707,   110.50, -642.87, 2259.86, -643.09, 2259.88,  37,  -3, 315, 0.05
10:58:11.709,   111.52, -646.01, 2263.51, -645.66, 2262.53,  50, -24, 314, 0.05
10:58:12.732,   112.52, -646.01, 2263.51, -646.57, 2264.05,  50, -16, 301, 0.05
10:58:13.730,   113.52, -646.01, 2263.51, -646.54, 2264.20,  50,  -5, 289, 0.05
10:58:14.732,   114.52, -646.01, 2263.51, -646.21, 2264.13,  50,  -1, 285, 0.05
10:58:15.731,   115.52, -646.01, 2263.51, -646.13, 2264.08,  50,  -1, 285, 0.05
10:58:16.732,   116.52, -646.01, 2263.51, -646.12, 2264.05,  50,  -1, 285, 0.05
10:58:17.730,   117.52, -646.01, 2263.51, -646.12, 2264.03,  50,   0, 284, 0.05
10:58:18.731,   118.52, -646.01, 2263.51, -646.13, 2263.99,  50,  -1, 285, 0.05
10:58:19.731,   119.52, -653.33, 2266.50, -651.96, 2265.50,  50,   1, 284, 0.05
10:58:20.731,   120.52, -653.33, 2266.50, -653.29, 2265.89,  50,   1, 284, 0.05
10:58:21.730,   121.52, -653.33, 2266.50, -653.59, 2266.03,  50,   0, 285, 0.05
10:58:22.736,   122.52, -653.33, 2266.50, -653.66, 2266.10,  50,  -1, 286, 0.05
10:58:23.730,   123.52, -653.33, 2266.50, -653.67, 2266.16,  50,  -1, 286, 0.05
10:58:24.730,   124.52, -658.52, 2268.03, -657.64, 2267.46,  50,  -2, 287, 0.05
10:58:25.731,   125.52, -658.52, 2268.03, -658.54, 2267.79,  50,   0, 285, 0.05
10:58:26.730,   126.52, -658.52, 2268.03, -658.74, 2267.88,  50,  -1, 285, 0.05
10:58:27.732,   127.52, -658.52, 2268.03, -658.79, 2267.91,  50,  -3, 287, 0.05
10:58:28.729,   128.52, -658.52, 2268.03, -658.79, 2267.95,  50,  -3, 287, 0.05
10:58:29.730,   129.52, -658.52, 2268.03, -658.78, 2267.99,  50,  -1, 285, 0.05
10:58:30.729,   130.52, -658.52, 2268.03, -658.77, 2268.01,  50,   0, 284, 0.05
10:58:31.729,   131.52, -658.52, 2268.03, -658.77, 2268.03,  50,   1, 283, 0.05
10:58:32.729,   132.52, -658.52, 2268.03, -658.76, 2268.04,  50,   1, 283, 0.05
10:58:33.730,   133.52, -658.52, 2268.03, -658.76, 2268.04,  50,   0, 284, 0.05
10:58:34.732,   134.52, -658.33, 2267.27, -658.50, 2267.86,  50,   0, 284, 0.05
10:58:35.729,   135.52, -658.52, 2268.03, -658.72, 2267.94,  50,   0, 284, 0.05
10:58:36.731,   136.52, -658.52, 2268.03, -658.76, 2267.98,  50,   0, 284, 0.05
10:58:37.730,   137.52, -658.52, 2268.03, -658.77, 2268.00,  50,  -1, 285, 0.05
10:58:38.729,   138.52, -658.52, 2268.03, -658.77, 2268.02,  50,   0, 284, 0.05
10:58:39.731,   139.52, -658.52, 2268.03, -658.76, 2268.04,  50,   1, 283, 0.05
10:58:40.734,   140.52, -658.52, 2268.03, -658.76, 2268.04,  50,   0, 284, 0.05
10:58:41.731,   141.52, -658.52, 2268.03, -658.76, 2268.05,  50,   0, 284, 0.05
10:58:42.729,   142.52, -676.55, 2272.59, -672.49, 2272.05,  50,   0, 285, 0.05
10:58:43.739,   143.52, -676.55, 2272.59, -675.68, 2272.89,  50,   3, 285, 0.05
10:58:44.728,   144.52, -676.55, 2272.59, -676.43, 2273.00,  50,   1, 288, 0.05
10:58:45.736,   145.52, -676.55, 2272.59, -676.61, 2272.99,  50,   2, 288, 0.05
10:58:46.731,   146.52, -676.55, 2272.59, -676.67, 2272.91,  50,  -1, 292, 0.05
10:58:47.732,   147.52, -682.77, 2274.60, -681.38, 2274.65,  37,   1, 292, 0.05
10:58:48.734,   148.55, -683.82, 2274.96, -683.25, 2275.27,  50,-146, 292, 0.05
10:58:49.754,   149.55, -683.82, 2274.96, -684.54, 2275.25,  50,-131, 276, 0.05
10:58:50.754,   150.55, -685.30, 2275.40, -685.30, 2275.34,  50,-106, 250, 0.05
10:58:51.753,   151.55, -685.30, 2275.40, -685.57, 2275.42,  50, -80, 224, 0.05
10:58:52.754,   152.55, -686.63, 2275.14, -686.19, 2274.90,  50, -55, 197, 0.05
10:58:53.753,   153.55, -687.17, 2274.60, -686.59, 2274.48,  50, -34, 172, 0.05
10:58:54.753,   154.55, -687.17, 2274.60, -686.85, 2274.44,  50, -14, 152, 0.05
10:58:55.753,   155.55, -687.17, 2274.60, -686.96, 2274.43,  50,  -6, 143, 0.05
10:58:56.754,   156.55, -687.17, 2274.60, -687.00, 2274.42,  50,  -2, 139, 0.05
10:58:57.753,   157.55, -686.57, 2274.60, -686.75, 2274.24,  50,   0, 138, 0.05
10:58:58.756,   158.55, -686.57, 2271.24, -685.65, 2272.53,  50,  -3, 140, 0.05
10:58:59.755,   159.55, -686.57, 2271.24, -685.53, 2272.01,  50,  -3, 139, 0.05
10:59:00.754,   160.55, -686.57, 2271.24, -685.63, 2271.79,  50,  -1, 137, 0.05
10:59:01.755,   161.55, -686.57, 2271.24, -685.72, 2271.67,  50,  -3, 138, 0.05
10:59:02.755,   162.55, -684.63, 2268.65, -684.24, 2269.65,  50,  -3, 138, 0.05
10:59:03.752,   163.55, -682.86, 2266.20, -682.51, 2267.33,  50,  -1, 136, 0.05
10:59:04.754,   164.55, -682.86, 2266.20, -682.20, 2266.73,  50,   0, 135, 0.05
10:59:05.753,   165.55, -682.86, 2266.20, -682.19, 2266.52,  50,  -3, 137, 0.05
10:59:06.753,   166.55, -680.56, 2266.20, -681.33, 2265.72,  50,   0, 135, 0.05
10:59:07.752,   167.55, -679.90, 2263.72, -680.02, 2264.12,  50,  -1, 136, 0.05
10:59:08.752,   168.55, -679.90, 2262.89, -679.49, 2263.30,  50,  -2, 137, 0.05
10:59:09.753,   169.55, -679.90, 2262.89, -679.43, 2263.06,  50,  -2, 136, 0.05
10:59:10.753,   170.55, -679.90, 2262.89, -679.47, 2262.96,  50,  -1, 135, 0.05
10:59:11.753,   171.55, -679.90, 2262.89, -679.50, 2262.92,  50,  -3, 137, 0.05
10:59:12.754,   172.55, -679.90, 2262.89, -679.55, 2262.87,  50,  -2, 135, 0.05
10:59:13.753,   173.55, -679.90, 2262.89, -679.59, 2262.84,  50,  -2, 135, 0.05
10:59:14.752,   174.55, -679.90, 2262.89, -679.62, 2262.81,  50,  -1, 134, 0.05
10:59:15.763,   175.55, -674.74, 2256.03, -675.52, 2257.64,  50,  -1, 134, 0.05
10:59:16.753,   176.55, -674.11, 2255.23, -674.14, 2255.79,  50,  -2, 135, 0.05
10:59:17.753,   177.55, -674.11, 2255.23, -673.87, 2255.33,  50,  -2, 134, 0.05
10:59:18.752,   178.55, -674.11, 2255.23, -673.83, 2255.20,  50,  -2, 134, 0.05
10:59:19.753,   179.55, -672.00, 2252.75, -672.27, 2253.20,  50,  -1, 133, 0.05
10:59:20.753,   180.55, -672.00, 2252.75, -671.91, 2252.74,  50,  -1, 133, 0.05
10:59:21.752,   181.55, -672.00, 2252.75, -671.83, 2252.63,  50,  -2, 134, 0.05
10:59:22.752,   182.55, -669.89, 2250.34, -670.28, 2250.68,  50,  -1, 133, 0.05
10:59:23.753,   183.55, -669.20, 2249.61, -669.41, 2249.65,  50,  -1, 133, 0.05
10:59:24.753,   184.55, -668.48, 2248.85, -668.68, 2248.80,  50,   4, 133, 0.05
10:59:25.754,   185.55, -668.48, 2248.85, -668.48, 2248.64,  50,   0, 137, 0.05
10:59:26.755,   186.55, -667.08, 2247.24, -667.47, 2247.30,  50,  -1, 138, 0.05
10:59:27.755,   187.55, -667.08, 2247.24, -667.21, 2247.01,  50,  -2, 139, 0.05
10:59:28.756,   188.55, -667.08, 2247.24, -667.12, 2246.96,  50,  -2, 139, 0.05
10:59:29.755,   189.55, -667.08, 2247.24, -667.09, 2246.96,  50,  -1, 138, 0.05
10:59:30.761,   190.55, -667.08, 2247.24, -667.06, 2246.97,  50,  -1, 138, 0.05
10:59:31.754,   191.55, -667.08, 2247.24, -667.04, 2246.98,  50,  -1, 138, 0.05
10:59:32.754,   192.55, -667.08, 2247.24, -667.02, 2246.99,  50,   0, 138, 0.05
10:59:33.755,   193.55, -662.35, 2241.29, -663.68, 2242.22,  50,  -6, 141, 0.05
10:59:34.754,   194.55, -661.66, 2240.53, -662.36, 2240.53,  50,  -2, 137, 0.05
10:59:35.754,   195.55, -661.66, 2240.53, -661.97, 2240.18,  50,   0, 136, 0.05
10:59:36.753,   196.55, -661.66, 2240.53, -661.82, 2240.14,  50,  -1, 137, 0.05
10:59:37.754,   197.55, -661.66, 2240.53, -661.76, 2240.16,  50,   1, 136, 0.05
10:59:38.753,   198.55, -661.66, 2240.53, -661.70, 2240.20,  50,  -1, 138, 0.05
10:59:39.754,   199.55, -661.66, 2240.53, -661.66, 2240.22,  50,   0, 138, 0.05
10:59:40.753,   200.55, -661.66, 2240.53, -661.63, 2240.25,  50,  -2, 140, 0.05
10:59:41.753,   201.55, -661.66, 2240.53, -661.61, 2240.27,  50,  -2, 140, 0.05
10:59:42.754,   202.55, -661.66, 2240.53, -661.60, 2240.28,  50,   0, 139, 0.05
10:59:43.755,   203.55, -661.66, 2240.53, -661.57, 2240.29,  50,  -1, 140, 0.05
10:59:44.754,   204.55, -655.11, 2231.98, -656.62, 2233.66,  37,  -4, 141, 0.05
10:59:45.754,   205.55, -655.11, 2231.98, -655.47, 2232.19,  37,  -3, 139, 0.05
10:59:46.754,   206.55, -655.11, 2231.98, -655.19, 2231.87,  37,  -1, 138, 0.05
10:59:47.754,   207.55, -655.11, 2231.98, -655.11, 2231.80,  37,   0, 138, 0.05
10:59:48.757,   208.57, -652.82, 2229.33, -653.38, 2229.70,  50,  25, 140, 0.05
10:59:49.776,   209.57, -652.82, 2229.33, -652.32, 2228.73,  50,  15, 152, 0.05
10:59:50.775,   210.57, -652.82, 2229.33, -652.18, 2228.76,  50,   4, 163, 0.05
10:59:51.776,   211.57, -653.58, 2229.52, -652.35, 2229.36,  50,   1, 166, 0.05
10:59:52.776,   212.57, -652.82, 2229.33, -652.33, 2229.24,  50,  -1, 168, 0.05
10:59:53.775,   213.57, -652.82, 2229.33, -652.35, 2229.20,  50,   0, 167, 0.05
10:59:54.775,   214.57, -652.82, 2229.33, -652.36, 2229.19,  50,  -2, 169, 0.05
10:59:55.777,   215.57, -652.82, 2229.33, -652.39, 2229.17,  50,  -2, 169, 0.05
10:59:56.776,   216.57, -652.82, 2229.33, -652.43, 2229.17,  50,  -1, 168, 0.05
10:59:57.776,   217.57, -650.31, 2221.81, -651.22, 2223.24,  50,  -3, 169, 0.05
10:59:58.777,   218.57, -650.31, 2221.81, -650.89, 2221.88,  50,  -2, 168, 0.05
10:59:59.776,   219.57, -650.31, 2221.81, -650.76, 2221.57,  50,   0, 166, 0.05
11:00:00.777,   220.57, -650.31, 2221.81, -650.68, 2221.51,  50,   0, 167, 0.05
11:00:01.776,   221.57, -650.31, 2221.81, -650.61, 2221.51,  50,  -2, 169, 0.05
11:00:02.776,   222.57, -649.08, 2215.39, -649.42, 2216.61,  50,   1, 166, 0.05
11:00:03.775,   223.57, -649.08, 2215.39, -649.12, 2215.49,  50,   0, 167, 0.05
11:00:04.776,   224.57, -649.08, 2215.39, -649.04, 2215.24,  50,  -3, 170, 0.05
11:00:05.776,   225.57, -649.08, 2215.39, -649.05, 2215.17,  50,   0, 167, 0.05
11:00:06.777,   226.57, -649.08, 2215.39, -649.02, 2215.16,  50,  -3, 170, 0.05
11:00:07.776,   227.57, -649.08, 2215.39, -649.04, 2215.16,  50,  -1, 168, 0.05
11:00:08.775,   228.57, -648.27, 2209.88, -648.22, 2210.96,  50,  -4, 170, 0.05
11:00:09.775,   229.57, -647.97, 2207.88, -647.77, 2208.46,  50,  -2, 168, 0.05
11:00:10.776,   230.57, -647.88, 2206.74, -647.52, 2207.03,  50,  -1, 166, 0.05
11:00:11.775,   231.57, -647.88, 2206.74, -647.51, 2206.69,  50,  -1, 166, 0.05
11:00:12.784,   232.58, -647.88, 2206.74, -647.55, 2206.60,  50,  -2, 167, 0.05
11:00:13.784,   233.58, -647.88, 2206.74, -647.60, 2206.57,  50,  -2, 166, 0.05
11:00:14.783,   234.58, -647.09, 2202.52, -646.90, 2203.34,  50,  -1, 165, 0.05
11:00:15.782,   235.58, -647.09, 2202.52, -646.78, 2202.58,  50,  -4, 167, 0.05
11:00:16.783,   236.58, -647.09, 2202.52, -646.82, 2202.39,  50,  -1, 164, 0.05
11:00:17.783,   237.58, -647.09, 2202.52, -646.85, 2202.35,  50,  -1, 164, 0.05
11:00:18.783,   238.58, -647.09, 2202.52, -646.88, 2202.33,  50,  -2, 164, 0.05
11:00:19.784,   239.58, -645.73, 2197.30, -645.85, 2198.31,  50,   0, 162, 0.05
11:00:20.783,   240.58, -645.73, 2197.30, -645.62, 2197.38,  50,  -1, 163, 0.05
11:00:21.783,   241.58, -645.73, 2197.30, -645.59, 2197.16,  50,  -1, 162, 0.05
11:00:22.783,   242.58, -645.73, 2197.30, -645.60, 2197.11,  50,  -1, 162, 0.05
11:00:23.784,   243.58, -644.65, 2193.13, -644.75, 2193.89,  50,  -1, 162, 0.05
11:00:24.783,   244.58, -644.32, 2192.12, -644.34, 2192.36,  50,  -2, 162, 0.05
11:00:25.785,   245.58, -644.32, 2192.12, -644.26, 2192.01,  50,  -1, 161, 0.05
11:00:26.783,   246.58, -643.71, 2190.11, -643.78, 2190.38,  50,   0, 160, 0.05
11:00:27.786,   247.58, -643.38, 2189.12, -643.43, 2189.23,  50,  -1, 161, 0.05
11:00:28.786,   248.58, -642.99, 2188.03, -643.10, 2188.12,  50,  -1, 161, 0.05
11:00:29.786,   249.58, -642.99, 2188.03, -643.00, 2187.86,  50,  -2, 162, 0.05
11:00:30.786,   250.58, -642.32, 2185.77, -642.48, 2186.06,  37,  -2, 161, 0.05
11:00:31.785,   251.58, -642.32, 2185.77, -642.37, 2185.69,  37,   0, 159, 0.05
11:00:32.785,   252.58, -641.75, 2183.91, -641.88, 2184.19,  37,   0, 160, 0.05
11:00:33.788,   253.58, -641.57, 2183.10, -641.59, 2183.23,  37,  -1, 161, 0.05
11:00:34.787,   254.58, -641.39, 2182.27, -641.35, 2182.38,  37,  -4, 162, 0.05
11:00:35.785,   255.58, -641.39, 2182.27, -641.31, 2182.18,  37,  -4, 161, 0.05
11:00:36.787,   256.58, -641.39, 2182.27, -641.32, 2182.13,  37,  -2, 158, 0.05
11:00:37.785,   257.58, -641.39, 2182.27, -641.32, 2182.11,  37,  -1, 157, 0.05
11:00:38.790,   258.60, -640.73, 2180.15, -640.75, 2180.50,  50,-141, 157, 0.05
11:00:39.818,   259.61, -640.73, 2180.15, -640.42, 2179.43,  50,-126, 141, 0.05
11:00:40.821,   260.61, -639.83, 2177.96, -639.73, 2178.71,  50,-100, 115, 0.05
11:00:41.822,   261.62, -639.83, 2177.96, -639.56, 2178.44,  50, -77,  92, 0.05
11:00:42.822,   262.62, -639.83, 2177.96, -639.60, 2178.21,  50, -53,  68, 0.05
11:00:43.823,   263.62, -639.83, 2177.96, -639.55, 2178.04,  50, -30,  45, 0.05
11:00:44.821,   264.62, -639.83, 2177.96, -639.48, 2178.01,  50, -12,  27, 0.05
11:00:45.822,   265.62, -639.83, 2177.96, -639.47, 2178.06,  50,  -4,  19, 0.05
11:00:46.822,   266.62, -636.47, 2178.72, -638.58, 2179.19,  50,  -1,  16, 0.05
11:00:47.823,   267.62, -636.21, 2179.61, -637.94, 2180.04,  50,  -8,  16, 0.05
11:00:48.826,   268.62, -635.96, 2180.55, -637.41, 2180.85,  50,  -4,  11, 0.05
11:00:49.825,   269.62, -635.96, 2180.55, -637.13, 2180.96,  50,  -2,   8, 0.05
11:00:50.827,   270.62, -635.60, 2182.64, -636.68, 2182.55,  50,  -1,   7, 0.05
11:00:51.826,   271.62, -635.45, 2183.80, -636.32, 2183.79,  50,  -1,   7, 0.05
11:00:52.826,   272.62, -635.45, 2183.80, -636.13, 2184.06,  50,  -1,   6, 0.05
11:00:53.826,   273.62, -635.45, 2183.80, -636.01, 2184.11,  50,  -1,   6, 0.05
11:00:54.826,   274.62, -635.45, 2183.80, -635.92, 2184.11,  50,  -1,   6, 0.05
11:00:55.826,   275.62, -635.45, 2183.80, -635.83, 2184.11,  50,  -2,   6, 0.05
11:00:56.826,   276.62, -635.45, 2183.80, -635.76, 2184.09,  50,  -1,   5, 0.05
11:00:57.832,   277.62, -635.45, 2183.80, -635.70, 2184.08,  50,   0,   4, 0.05
11:00:59.839,   278.62, -635.45, 2183.80, -635.66, 2184.07,  50,  -1,   5, 0.05
11:00:59.888,   279.67, -634.64, 2183.86, -635.45, 2184.19,  50,  -1,   4, 0.05
11:01:00.872,   280.67, -634.91, 2192.40, -634.44, 2190.58,  50,   0,   4, 0.05
11:01:01.873,   281.67, -634.91, 2192.40, -634.31, 2192.08,  50,   1,   4, 0.05
11:01:02.872,   282.67, -634.72, 2195.55, -634.01, 2194.82,  50,   1,   5, 0.05
11:01:03.873,   283.67, -634.72, 2195.55, -634.05, 2195.47,  50,   4,   6, 0.05
11:01:04.872,   284.67, -634.61, 2197.73, -633.89, 2197.27,  50,   1,   9, 0.05
11:01:05.873,   285.67, -634.61, 2197.73, -633.95, 2197.70,  50,   1,  10, 0.05
11:01:06.873,   286.67, -634.40, 2199.81, -633.73, 2199.38,  50,  -1,  12, 0.05
11:01:07.873,   287.67, -634.40, 2199.81, -633.78, 2199.78,  50,  -1,  13, 0.05
11:01:08.875,   288.67, -634.40, 2199.81, -633.87, 2199.90,  50,  -1,  13, 0.05
11:01:09.870,   289.67, -634.00, 2202.11, -633.57, 2201.69,  50,   0,  13, 0.05
11:01:10.871,   290.67, -634.00, 2202.11, -633.57, 2202.13,  50,   0,  13, 0.05
11:01:11.870,   291.67, -634.00, 2202.11, -633.62, 2202.24,  50,   0,  13, 0.05
11:01:12.871,   292.67, -634.00, 2202.11, -633.69, 2202.28,  50,  -1,  15, 0.05
11:01:13.871,   293.67, -634.00, 2202.11, -633.73, 2202.29,  50,   0,  14, 0.05
11:01:14.870,   294.67, -634.00, 2202.11, -633.78, 2202.30,  50,  -1,  15, 0.05
11:01:15.871,   295.67, -631.35, 2210.65, -632.14, 2208.97,  50,  -1,  16, 0.05
11:01:16.871,   296.67, -631.35, 2211.70, -631.55, 2211.26,  50,  -1,  16, 0.05
11:01:17.870,   297.67, -631.83, 2211.48, -631.53, 2211.56,  50,  -1,  16, 0.05
11:01:18.872,   298.67, -631.59, 2212.51, -631.37, 2212.43,  50,   1,  14, 0.05
11:01:19.871,   299.67, -631.35, 2213.64, -631.19, 2213.51,  50,   0,  16, 0.05
11:01:20.871,   300.67, -631.35, 2213.64, -631.16, 2213.76,  50,  -1,  17, 0.05
11:01:21.877,   301.67, -631.35, 2213.64, -631.17, 2213.82,  50,   0,  16, 0.05
11:01:22.870,   302.67, -631.35, 2213.64, -631.20, 2213.84,  50,   0,  17, 0.05
11:01:23.876,   303.67, -631.35, 2213.64, -631.22, 2213.85,  50,  -1,  18, 0.05
11:01:24.875,   304.67, -631.35, 2213.64, -631.23, 2213.86,  50,  -1,  18, 0.05
11:01:25.872,   305.67, -631.35, 2213.64, -631.24, 2213.86,  50,  -1,  18, 0.05
11:01:26.873,   306.67, -631.35, 2213.64, -631.24, 2213.86,  50,   0,  17, 0.05
11:01:27.879,   307.67, -631.35, 2213.64, -631.27, 2213.87,  50,  -3,  20, 0.05
11:01:28.873,   308.67, -631.35, 2213.64, -631.27, 2213.86,  50,  -2,  19, 0.05
11:01:29.874,   309.67, -628.48, 2222.68, -629.35, 2220.90,  50,   1,  17, 0.05
11:01:30.889,   310.67, -628.48, 2222.68, -628.87, 2222.51,  50,   0,  18, 0.05
11:01:31.873,   311.67, -628.48, 2222.68, -628.71, 2222.87,  50,  -1,  19, 0.05
11:01:32.874,   312.67, -627.82, 2225.78, -628.00, 2225.29,  50,   0,  18, 0.05
11:01:33.873,   313.67, -627.82, 2225.78, -627.84, 2225.85,  50,   1,  18, 0.05
11:01:34.874,   314.67, -626.92, 2229.15, -627.04, 2228.55,  37,  -1,  20, 0.05
11:01:35.874,   315.67, -626.92, 2229.15, -626.87, 2229.13,  37,  -1,  20, 0.05
11:01:36.875,   316.67, -626.92, 2229.15, -626.84, 2229.26,  37,   0,  20, 0.05
11:01:37.874,   317.67, -626.92, 2229.15, -626.83, 2229.29,  37,   0,  20, 0.05
11:01:38.872,   318.67, -626.92, 2229.15, -626.84, 2229.30,  37,   0,  20, 0.05
11:01:39.872,   319.67, -625.53, 2233.19, -625.81, 2232.43,  37,  -2,  21, 0.05
11:01:40.873,   320.67, -625.53, 2233.19, -625.56, 2233.15,  37,  -1,  20, 0.05
11:01:41.913,   321.67, -625.53, 2233.19, -625.51, 2233.31,  37,  -1,  20, 0.05
11:01:42.875,   322.67, -624.71, 2235.31, -624.93, 2235.00,   0, -14,  21, 0.05
11:01:43.844,   323.67, -624.71, 2235.31, -624.93, 2235.00,   0, -14,  21, 0.05
11:01:44.844,   324.67, -624.71, 2235.31, -624.93, 2235.00,   0, -14,  21, 0.05
11:01:45.844,   325.67, -624.41, 2236.11, -624.93, 2235.00,   0, -14,  21, 0.05
11:01:46.844,   326.67, -624.41, 2236.11, -624.93, 2235.00,   0, -14,  21, 0.05
11:01:47.844,   327.67, -624.41, 2236.11, -624.93, 2235.00,   0, -14,  21, 0.05
11:01:48.844,   328.67, -624.41, 2236.11, -624.93, 2235.00,   0, -14,  21, 0.05
11:01:49.844,   329.67, -624.41, 2236.11, -624.93, 2235.00,   0, -14,  21, 0.05
11:01:50.844,   330.67, -624.41, 2236.11, -624.93, 2235.00,   0, -14,  21, 0.05
11:01:51.844,   331.67, -624.41, 2236.11, -624.93, 2235.00,   0, -14,  21, 0.05
11:01:52.844,   332.67, -624.41, 2236.11, -624.93, 2235.00,   0, -14,  21, 0.05
11:01:53.844,   333.67, -624.41, 2236.11, -624.93, 2235.00,   0, -14,  21, 0.05
11:01:54.844,   334.67, -624.41, 2236.11, -624.93, 2235.00,   0, -14,  21, 0.05
11:01:55.844,   335.67, -624.41, 2236.11, -624.93, 2235.00,   0, -14,  21, 0.05
11:01:56.844,   336.67, -624.41, 2236.11, -624.93, 2235.00,   0, -14,  21, 0.05
11:01:57.844,   337.67, -624.41, 2236.11, -624.93, 2235.00,   0, -14,  21, 0.05
11:01:58.844,   338.67, -624.41, 2236.11, -624.93, 2235.00,   0, -14,  21, 0.05
11:01:59.844,   339.67, -624.41, 2236.11, -624.93, 2235.00,   0, -14,  21, 0.05
11:02:00.844,   340.67, -624.41, 2236.11, -624.93, 2235.00,   0, -14,  21, 0.05
11:02:01.844,   341.67, -624.41, 2236.11, -624.93, 2235.00,   0, -14,  21, 0.05
11:02:02.844,   342.67, -624.41, 2236.11, -624.93, 2235.00,   0, -14,  21, 0.05
11:02:03.844,   343.67, -624.41, 2236.11, -624.93, 2235.00,   0, -14,  21, 0.05
11:02:04.845,   344.67, -624.41, 2236.11, -624.93, 2235.00,   0, -14,  21, 0.05
11:02:05.844,   345.67, -624.41, 2236.11, -624.93, 2235.00,   0, -14,  21, 0.05
11:02:06.845,   346.67, -624.41, 2236.11, -624.93, 2235.00,   0, -14,  21, 0.05
11:02:07.844,   347.67, -624.41, 2236.11, -624.93, 2235.00,   0, -14,  21, 0.05
11:02:08.845,   348.67, -624.41, 2236.11, -624.93, 2235.00,   0, -14,  21, 0.05
11:02:09.845,   349.67, -624.41, 2236.11, -624.93, 2235.00,   0, -14,  21, 0.05
11:02:10.845,   350.67, -624.41, 2236.11, -624.93, 2235.00,   0, -14,  21, 0.05
11:02:11.845,   351.67, -624.41, 2236.11, -624.93, 2235.00,   0, -14,  21, 0.05
11:02:12.845,   352.67, -624.41, 2236.11, -624.93, 2235.00,   0, -14,  21, 0.05
11:02:13.845,   353.67, -624.41, 2236.11, -624.93, 2235.00,   0, -14,  21, 0.05
11:02:14.845,   354.67, -624.41, 2236.11, -624.93, 2235.00,   0, -14,  21, 0.05
11:02:15.845,   355.67, -624.41, 2236.11, -624.93, 2235.00,   0, -14,  21, 0.05
11:02:16.845,   356.67, -624.41, 2236.11, -624.93, 2235.00,   0, -14,  21, 0.05
11:02:17.845,   357.67, -624.41, 2236.11, -624.93, 2235.00,   0, -14,  21, 0.05
11:02:18.845,   358.67, -624.41, 2236.11, -624.93, 2235.00,   0, -14,  21, 0.05
11:02:19.845,   359.67, -624.41, 2236.11, -624.93, 2235.00,   0, -14,  21, 0.05
11:02:20.845,   360.67, -624.41, 2236.11, -624.93, 2235.00,   0, -14,  21, 0.05
11:02:21.845,   361.67, -624.41, 2236.11, -624.93, 2235.00,   0, -14,  21, 0.05
11:02:22.845,   362.67, -624.41, 2236.11, -624.93, 2235.00,   0, -14,  21, 0.05
11:02:23.845,   363.67, -624.41, 2236.11, -624.93, 2235.00,   0, -14,  21, 0.05
11:02:24.845,   364.67, -624.41, 2236.11, -624.93, 2235.00,   0, -14,  21, 0.05
11:02:25.845,   365.67, -624.41, 2236.15, -624.93, 2235.00,   0, -14,  21, 0.05
11:02:26.845,   366.67, -624.41, 2236.15, -624.93, 2235.00,   0, -14,  21, 0.05
11:02:27.845,   367.67, -624.41, 2236.15, -624.93, 2235.00,   0, -14,  21, 0.05
11:02:28.845,   368.67, -624.41, 2236.15, -624.93, 2235.00,   0, -14,  21, 0.05
11:02:29.845,   369.67, -624.41, 2236.15, -624.93, 2235.00,   0, -14,  21, 0.05
11:02:30.845,   370.67, -624.41, 2236.15, -624.93, 2235.00,   0, -14,  21, 0.05
11:02:31.845,   371.67, -624.41, 2236.15, -624.93, 2235.00,   0, -14,  21, 0.05
11:02:32.845,   372.67, -624.41, 2236.15, -624.93, 2235.00,   0, -14,  21, 0.05
11:02:33.845,   373.67, -624.41, 2236.15, -624.93, 2235.00,   0, -14,  21, 0.05
11:02:34.845,   374.67, -624.41, 2236.15, -624.93, 2235.00,   0, -14,  21, 0.05
11:02:35.845,   375.67, -624.41, 2236.11, -624.93, 2235.00,   0, -14,  21, 0.05
11:02:36.845,   376.67, -624.41, 2236.11, -624.93, 2235.00,   0, -14,  21, 0.05
11:02:37.845,   377.67, -624.41, 2236.11, -624.93, 2235.00,   0, -14,  21, 0.05
11:02:38.845,   378.67, -624.41, 2236.11, -624.93, 2235.00,  20, -14,  17, 0.05
11:02:39.845,   379.67, -624.41, 2236.11, -624.93, 2235.00,  20,  -8,  14, 0.05
11:02:40.845,   380.67, -624.41, 2236.11, -624.93, 2235.00,  20,  -2,  11, 0.05
11:02:41.845,   381.67, -624.41, 2236.11, -624.93, 2235.00,  20,   4,  10, 0.05
11:02:42.845,   382.67, -624.41, 2236.11, -624.93, 2235.00,  20,  10,  12, 0.05
11:02:43.845,   383.67, -624.41, 2236.11, -624.93, 2235.00,  20,  11,  17, 0.05
11:02:44.845,   384.67, -624.41, 2236.11, -624.93, 2235.00,  40,  11,  23, 0.05
11:02:45.845,   385.67, -624.41, 2236.11, -624.93, 2235.00,  40,  12,  33, 0.05
11:02:46.845,   386.67, -623.72, 2238.70, -624.93, 2235.00,  40,  12,  43, 0.05
11:02:47.845,   387.67, -623.72, 2238.70, -624.93, 2235.00,  40,  12,  53, 0.05
11:02:48.845,   388.67, -623.72, 2238.70, -624.93, 2235.00,  40,  12,  62, 0.05
11:02:49.845,   389.67, -623.72, 2238.70, -624.93, 2235.00,  40,  12,  74, 0.05
11:02:50.845,   390.67, -623.72, 2238.70, -624.93, 2235.00,  40,  12,  84, 0.05
11:02:51.845,   391.67, -623.72, 2238.70, -624.93, 2235.00,  40,  12,  94, 0.05
11:02:52.845,   392.67, -623.72, 2238.70, -624.93, 2235.00,  40,  12, 104, 0.05
11:02:53.845,   393.67, -619.13, 2241.19, -624.93, 2235.00,  40,  12, 114, 0.05
11:02:54.845,   394.67, -619.13, 2241.19, -624.93, 2235.00,  40,   0, 122, 0.05
11:02:55.845,   395.67, -619.13, 2241.19, -624.93, 2235.00,  40,   0, 123, 0.05
11:02:56.845,   396.67, -617.02, 2240.12, -624.93, 2235.00,  40,   0, 124, 0.05
11:02:57.845,   397.67, -617.02, 2240.12, -624.93, 2235.00,  40,   0, 125, 0.05
11:02:58.845,   398.67, -617.02, 2240.12, -624.93, 2235.00,  40,   0, 126, 0.05
11:02:59.845,   399.67, -617.02, 2240.12, -624.93, 2235.00,  40,   0, 126, 0.05
11:03:00.845,   400.67, -617.02, 2240.12, -624.93, 2235.00,  40,   0, 127, 0.05
11:03:01.845,   401.67, -617.02, 2240.12, -624.93, 2235.00,  40,   0, 128, 0.05
11:03:02.845,   402.67, -612.83, 2237.06, -624.93, 2235.00,  40,   0, 130, 0.05
11:03:03.845,   403.67, -612.83, 2237.06, -624.93, 2235.00,  40,   0, 130, 0.05
11:03:04.845,   404.67, -612.83, 2237.06, -624.93, 2235.00,  40,   0, 130, 0.05
11:03:05.845,   405.67, -610.90, 2235.38, -624.93, 2235.00,  40,   0, 131, 0.05
11:03:06.845,   406.67, -610.24, 2234.80, -624.93, 2235.00,  40,   0, 132, 0.05
11:03:07.845,   407.67, -610.24, 2234.80, -624.93, 2235.00,  40,   0, 133, 0.05
11:03:08.846,   408.67, -610.24, 2234.80, -624.93, 2235.00,  40,   0, 134, 0.05
11:03:09.845,   409.67, -610.24, 2234.80, -624.93, 2235.00,  40,   0, 134, 0.05
11:03:10.846,   410.67, -610.24, 2234.80, -624.93, 2235.00,  40,   0, 134, 0.05
11:03:13.371,   413.18, -610.24, 2234.80, -624.93, 2235.00,   0,  36, 137, 0.05
11:03:14.357,   414.18, -610.24, 2234.80, -624.93, 2235.00,   0,   0, 160, 0.05
11:03:15.357,   415.18, -610.24, 2234.80, -624.93, 2235.00,  10,   0, 160, 0.05
11:03:16.357,   416.18, -610.24, 2234.80, -624.93, 2235.00,  10,   0, 159, 0.05
11:03:17.357,   417.18, -610.24, 2234.80, -624.93, 2235.00,  20,   6, 160, 0.05
11:03:18.357,   418.18, -605.50, 2229.54, -624.93, 2235.00,  20,   6, 162, 0.05
11:03:19.357,   419.18, -605.50, 2229.54, -624.93, 2235.00,  20,   6, 165, 0.05
11:03:20.357,   420.18, -605.50, 2229.54, -624.93, 2235.00,  20,  12, 175, 0.05
11:03:21.357,   421.18, -605.50, 2229.54, -624.93, 2235.00,  20,  12, 179, 0.05
11:03:22.357,   422.18, -605.50, 2229.54, -624.93, 2235.00,  20,  11, 182, 0.05
11:03:23.357,   423.18, -604.99, 2228.01, -624.93, 2235.00,  20,   5, 186, 0.05
11:03:24.357,   424.18, -604.93, 2227.61, -624.93, 2235.00,  20,   5, 188, 0.05
11:03:25.357,   425.18, -604.93, 2227.61, -624.93, 2235.00,  20,  -1, 190, 0.05
11:03:26.357,   426.18, -604.93, 2227.61, -624.93, 2235.00,  20,  -1, 190, 0.05
11:03:27.357,   427.18, -604.99, 2226.26, -624.93, 2235.00,  20,   0, 189, 0.05
11:03:28.357,   428.18, -604.99, 2226.26, -624.93, 2235.00,  20,   0, 190, 0.05
11:03:30.665,   430.48, -604.99, 2226.26, -624.93, 2235.00,   0,  36, 190, 0.05
11:03:31.652,   431.48, -605.35, 2224.73, -624.93, 2235.00,   0,   0, 200, 0.05
11:03:32.652,   432.48, -605.35, 2224.73, -624.93, 2235.00,  20,   0, 200, 0.05
11:03:33.652,   433.48, -605.35, 2224.73, -624.93, 2235.00,  20,   0, 200, 0.05
11:03:34.652,   434.48, -605.35, 2224.73, -624.93, 2235.00,  20,   0, 200, 0.05
11:03:35.652,   435.48, -605.35, 2224.73, -624.93, 2235.00,  20,   0, 201, 0.05
11:03:36.652,   436.48, -605.35, 2224.73, -624.93, 2235.00,   0,   0, 201, 0.05
11:03:37.652,   437.48, -605.35, 2224.73, -624.93, 2235.00,   0,   0, 201, 0.05
11:03:38.652,   438.48, -606.20, 2222.50, -624.93, 2235.00,   0,   0, 201, 0.05
11:03:39.652,   439.48, -606.20, 2222.50, -624.93, 2235.00,   0,   0, 201, 0.05
11:03:40.652,   440.48, -606.20, 2222.50, -624.93, 2235.00,   0,   0, 201, 0.05
11:03:41.652,   441.48, -606.20, 2222.50, -624.93, 2235.00,   0,   0, 201, 0.05
11:03:42.652,   442.48, -606.20, 2222.50, -624.93, 2235.00,   0,   0, 201, 0.05
11:03:43.652,   443.48, -606.20, 2222.50, -624.93, 2235.00,   0,   0, 201, 0.05
11:03:44.652,   444.48, -606.20, 2222.50, -624.93, 2235.00,   0,   0, 201, 0.05
11:03:45.652,   445.48, -606.26, 2222.50, -624.93, 2235.00,   0,   0, 201, 0.05
11:03:46.652,   446.48, -606.26, 2222.50, -624.93, 2235.00,   0,   0, 201, 0.05
11:03:47.652,   447.48, -606.26, 2222.50, -624.93, 2235.00,   0,   0, 201, 0.05
11:03:48.652,   448.48, -606.26, 2222.50, -624.93, 2235.00,   0,   0, 201, 0.05
11:03:49.652,   449.48, -606.22, 2222.54, -624.93, 2235.00,   0,   0, 200, 0.05
11:03:50.652,   450.48, -606.22, 2222.54, -624.93, 2235.00,   0,   0, 200, 0.05
11:03:51.652,   451.48, -606.22, 2222.54, -624.93, 2235.00,   0,   0, 200, 0.05
11:03:52.652,   452.48, -606.22, 2222.54, -624.93, 2235.00,   0,   0, 200, 0.05
11:03:53.652,   453.48, -606.22, 2222.54, -624.93, 2235.00,   0,   0, 200, 0.05
11:03:54.652,   454.48, -606.22, 2222.54, -624.93, 2235.00,   0,   0, 200, 0.05
11:03:55.652,   455.48, -606.22, 2222.54, -624.93, 2235.00,   0,   0, 200, 0.05
11:03:56.652,   456.48, -606.22, 2222.54, -624.93, 2235.00,   0,   0, 202, 0.05
11:03:57.652,   457.48, -606.26, 2222.54, -624.93, 2235.00,   0,   0, 204, 0.05
11:03:58.652,   458.48, -605.96, 2222.50, -624.93, 2235.00,   0,   0, 147, 0.05
11:03:59.652,   459.48, -605.96, 2222.72, -624.93, 2235.00,   0,   0, 114, 0.05
11:04:00.652,   460.48, -604.17, 2221.33, -624.93, 2235.00,   0,   0, 112, 0.05
11:04:01.652,   461.48, -604.17, 2221.33, -624.93, 2235.00,   0,   0, 112, 0.05
11:04:02.652,   462.48, -604.17, 2221.33, -624.93, 2235.00,   0,   0, 112, 0.05
11:04:03.652,   463.48, -604.17, 2221.33, -624.93, 2235.00,   0,   0, 112, 0.05
11:04:04.652,   464.48, -604.21, 2221.38, -624.93, 2235.00,   0,   0, 112, 0.05
11:04:05.653,   465.48, -604.21, 2221.38, -624.93, 2235.00,   0,   0, 112, 0.05
11:04:06.653,   466.48, -604.17, 2221.38, -624.93, 2235.00,   0,   0, 112, 0.05
11:04:07.653,   467.48, -604.17, 2221.38, -624.93, 2235.00,   0,   0, 112, 0.05
11:04:08.653,   468.48, -604.17, 2221.38, -624.93, 2235.00,   0,   0, 112, 0.05
11:04:09.653,   469.48, -604.17, 2221.38, -624.93, 2235.00,   0,   0, 112, 0.05
11:04:10.653,   470.48, -604.17, 2221.38, -624.93, 2235.00,   0,   0, 112, 0.05
11:04:11.653,   471.48, -604.17, 2221.38, -624.93, 2235.00,   0,   0, 112, 0.05
11:04:12.653,   472.48, -604.17, 2221.38, -624.93, 2235.00,   0,   0, 112, 0.05
11:04:13.653,   473.48, -604.17, 2221.38, -624.93, 2235.00,   0,   0, 112, 0.05
11:04:14.653,   474.48, -604.17, 2221.38, -624.93, 2235.00,   0,   0, 112, 0.05
11:04:15.653,   475.48, -604.17, 2221.38, -624.93, 2235.00,   0,   0, 112, 0.05
11:04:16.653,   476.48, -604.17, 2221.38, -624.93, 2235.00,   0,   0, 112, 0.05
