11:45:46.424,     1.00, -604.17,    0.00,    0.00,    0.00,   0,   0,  98, 0.05
11:45:47.424,     2.00, -604.17, 2221.30,    0.00,    0.00,   0,   0,  98, 0.05
11:45:48.424,     3.00, -604.17, 2221.30,    0.00,    0.00,   0,   0,  98, 0.05
11:45:49.424,     4.00, -604.17, 2221.30,    0.00,    0.00,   0,   0,  98, 0.05
11:45:50.424,     5.00, -604.17, 2221.30,    0.00,    0.00,   0,   0,  98, 0.05
11:45:51.424,     6.00, -604.17, 2221.30,    0.00,    0.00,   0,   0,  98, 0.05
11:45:52.424,     7.00, -604.17, 2221.30,    0.00,    0.00,   0,   0,  98, 0.05
11:45:53.424,     8.00, -604.17, 2221.30,    0.00,    0.00,   0,   0,  98, 0.05
11:45:54.424,     9.00, -604.17, 2221.26,    0.00,    0.00,   0,   0,  98, 0.05
11:45:55.425,    10.00, -604.17, 2221.26,    0.00,    0.00,   0,   0,  98, 0.05
11:45:56.425,    11.00, -604.17, 2221.26,    0.00,    0.00,   0,   0,  98, 0.05
11:45:57.425,    12.00, -604.17, 2221.26,    0.00,    0.00,   0,   0,  98, 0.05
11:45:58.425,    13.00, -604.17, 2221.30,    0.00,    0.00,   0,   0,  98, 0.05
11:45:59.425,    14.00, -604.17, 2221.30,    0.00,    0.00,   0,   0,  98, 0.05
11:46:00.425,    15.00, -604.17, 2221.30,    0.00,    0.00,   0,   0,  98, 0.05
11:46:01.425,    16.00, -604.17, 2221.30,    0.00,    0.00,   0,   0,  98, 0.05
11:46:02.425,    17.00, -604.17, 2221.30,    0.00,    0.00,   0,   0,  98, 0.05
11:46:03.425,    18.00, -604.17, 2221.30,    0.00,    0.00,   0,   0,  98, 0.05
11:46:04.425,    19.00, -604.17, 2221.30,    0.00,    0.00,   0,   0,  98, 0.05
11:46:05.425,    20.00, -604.17, 2221.30,    0.00,    0.00,   0,   0,  98, 0.05
11:46:06.425,    21.00, -604.17, 2221.30,    0.00,    0.00,   0,   0,  98, 0.05
11:46:07.425,    22.00, -604.17, 2221.26,    0.00,    0.00,   0,   0,  98, 0.05
11:46:08.425,    23.00, -604.17, 2221.26,    0.00,    0.00,   0,   0,  98, 0.05
11:46:09.425,    24.00, -604.17, 2221.26,    0.00,    0.00,   0,   0,  98, 0.05
11:46:10.425,    25.00, -604.17, 2221.26,    0.00,    0.00,   0,   0,  98, 0.05
11:46:11.425,    26.00, -604.17, 2221.26,    0.00,    0.00,   0,   0,  98, 0.05
11:46:12.425,    27.00, -604.17, 2221.26,    0.00,    0.00,   0,   0,  91, 0.05
11:46:13.425,    28.00, -604.81, 2221.67,    0.00,    0.00,   0,   0,  39, 0.05
11:46:14.425,    29.00, -605.38, 2222.91,    0.00,    0.00,   0,   0,  22, 0.05
11:46:15.425,    30.00, -605.38, 2222.91,    0.00,    0.00,   0,   0,  20, 0.05
11:46:16.425,    31.00, -605.38, 2222.91,    0.00,    0.00,   0,   0,  20, 0.05
11:46:17.425,    32.00, -605.41, 2224.80,    0.00,    0.00,   0,   0,  19, 0.05
11:46:18.425,    33.00, -605.41, 2224.80,    0.00,    0.00,   0,   0,  19, 0.05
11:46:19.425,    34.00, -605.41, 2224.80,    0.00,    0.00,   0,   0,  19, 0.05
11:46:20.425,    35.00, -605.41, 2224.80,    0.00,    0.00,   0,   0,  19, 0.05
11:46:21.425,    36.00, -605.41, 2224.80,    0.00,    0.00,  20,   0,  19, 0.05
11:46:22.425,    37.00, -605.41, 2224.80,    0.00,    0.00,  20,   0,  19, 0.05
11:46:23.425,    38.00, -605.17, 2225.32,    0.00,    0.00,  20,   0,  19, 0.05
11:46:24.425,    39.00, -605.02, 2225.68,    0.00,    0.00,  20,   0,  21, 0.05
11:46:25.425,    40.00, -604.90, 2226.19,    0.00,    0.00,  20,   0,  22, 0.05
11:46:26.425,    41.00, -604.75, 2226.55,    0.00,    0.00,  20,   0,  22, 0.05
11:46:27.425,    42.00, -604.75, 2226.55,    0.00,    0.00,  20,   0,  21, 0.05
11:46:28.425,    43.00, -604.75, 2226.55,    0.00,    0.00,  20,  -6,  20, 0.05
11:46:29.425,    44.00, -604.75, 2226.55,    0.00,    0.00,  20, -12,  16, 0.05
11:46:30.425,    45.00, -604.75, 2226.55,    0.00,    0.00,  20, -12,  11, 0.05
11:46:31.425,    46.00, -604.21, 2228.42,    0.00,    0.00,  20, -12,   7, 0.05
11:46:32.425,    47.00, -604.21, 2228.42,    0.00,    0.00,  20, -12,   3, 0.05
11:46:33.425,    48.00, -604.21, 2228.42,    0.00,    0.00,  20, -12, 358, 0.05
11:46:34.425,    49.00, -604.21, 2228.42,    0.00,    0.00,  20, -12, 354, 0.05
11:46:35.425,    50.00, -604.21, 2228.42,    0.00,    0.00,  20, -12, 349, 0.05
11:46:36.425,    51.00, -604.21, 2228.42,    0.00,    0.00,  30, -12, 345, 0.05
11:46:37.425,    52.00, -604.21, 2228.42,    0.00,    0.00,  50, -12, 337, 0.05
11:46:38.425,    53.00, -604.21, 2228.42,    0.00,    0.00,  50,   0, 329, 0.05
11:46:40.500,    54.99, -604.21, 2228.42, -604.61, 2229.08,  37,  25, 332, 0.05
11:46:41.456,    55.99, -604.21, 2228.42, -604.66, 2228.96,  37,  18, 341, 0.05
11:46:42.450,    57.02, -606.02, 2234.47, -605.66, 2233.24,  50, -73, 351, 0.05
11:46:43.478,    58.03, -606.02, 2234.47, -606.14, 2235.24,  50, -79, 336, 0.05
11:46:44.479,    59.03, -606.62, 2235.78, -606.46, 2235.96,  50, -60, 311, 0.05
11:46:45.481,    60.03, -606.92, 2236.40, -606.95, 2236.43,  50, -38, 285, 0.05
11:46:46.482,    61.03, -607.52, 2236.91, -607.58, 2236.67,  50, -18, 263, 0.05
11:46:47.481,    62.03, -608.24, 2237.13, -608.20, 2236.70,  50,  -7, 251, 0.05
11:46:48.482,    63.03, -609.12, 2236.95, -608.96, 2236.54,  50,  -1, 246, 0.05
11:46:49.481,    64.03, -609.12, 2236.95, -609.14, 2236.54,  50,   0, 245, 0.05
11:46:50.481,    65.03, -609.12, 2236.95, -609.20, 2236.57,  50,  -1, 246, 0.05
11:46:51.483,    66.03, -609.12, 2236.95, -609.23, 2236.62,  50,  -1, 245, 0.05
11:46:52.482,    67.03, -614.07, 2234.80, -613.02, 2234.94,  50,  22, 245, 0.05
11:46:53.482,    68.03, -614.91, 2234.40, -614.61, 2234.36,  50,  18, 256, 0.05
11:46:54.483,    69.03, -615.82, 2234.17, -615.71, 2234.15,  50,  10, 268, 0.05
11:46:55.482,    70.03, -615.82, 2234.17, -615.98, 2234.12,  50,   3, 275, 0.05
11:46:56.482,    71.03, -615.72, 2233.39, -615.91, 2233.98,  50,   3, 277, 0.05
11:46:57.482,    72.03, -615.82, 2234.17, -616.04, 2234.01,  50,   0, 280, 0.05
11:46:58.482,    73.03, -618.89, 2234.25, -618.38, 2234.41,  37,  -2, 281, 0.05
11:46:59.481,    74.03, -618.89, 2234.25, -618.88, 2234.47,  37,   1, 279, 0.05
11:47:00.481,    75.03, -620.83, 2234.47, -620.47, 2234.69,  37,   0, 280, 0.05
11:47:01.482,    76.03, -621.61, 2234.58, -621.44, 2234.82,  37,   1, 281, 0.05
11:47:02.482,    77.03, -622.39, 2234.69, -622.27, 2234.92,  37,   2, 281, 0.05
11:47:03.481,    78.03, -622.39, 2234.69, -622.47, 2234.91,  37,   2, 283, 0.05
11:47:04.481,    79.03, -622.39, 2234.69, -622.51, 2234.89,  37,   3, 284, 0.05
11:47:05.482,    80.03, -622.39, 2234.69, -622.53, 2234.85,  37,   3, 286, 0.05
11:47:06.483,    81.03, -622.39, 2234.69, -622.53, 2234.83,  37,   2, 288, 0.05
11:47:07.483,    82.03, -622.39, 2234.69, -622.54, 2234.80,  37,   0, 291, 0.05
11:47:08.484,    83.05, -626.88, 2235.49, -625.84, 2235.85,  50,  31, 291, 0.05
11:47:09.510,    84.06, -627.64, 2235.71, -627.62, 2235.77,  50,  24, 306, 0.05
11:47:10.513,    85.06, -628.45, 2235.97, -628.23, 2236.20,  50,  14, 321, 0.05
11:47:11.513,    86.06, -628.45, 2235.97, -628.39, 2236.26,  50,   4, 331, 0.05
11:47:12.509,    87.06, -628.45, 2235.97, -628.42, 2236.25,  50,   1, 335, 0.05
11:47:13.509,    88.06, -628.45, 2235.97, -628.43, 2236.24,  50,   0, 336, 0.05
11:47:14.509,    89.06, -628.45, 2235.97, -628.45, 2236.23,  50,  -1, 337, 0.05
11:47:15.509,    90.06, -628.45, 2235.97, -628.46, 2236.22,  50,  -1, 337, 0.05
11:47:16.510,    91.06, -628.45, 2235.97, -628.47, 2236.21,  50,  -1, 337, 0.05
11:47:17.511,    92.06, -632.50, 2241.99, -630.74, 2241.20,  50,  -9, 337, 0.05
11:47:18.510,    93.06, -632.95, 2242.93, -631.80, 2243.07,  50,  -4, 331, 0.05
11:47:19.520,    94.07, -633.40, 2243.84, -632.58, 2244.15,  50,  -1, 328, 0.05
11:47:20.520,    95.07, -633.40, 2243.84, -632.86, 2244.36,  50,   0, 328, 0.05
11:47:21.520,    96.07, -633.40, 2243.84, -632.99, 2244.37,  50,  -1, 329, 0.05
11:47:22.519,    97.07, -635.12, 2246.58, -634.45, 2246.40,  50,   1, 328, 0.05
11:47:23.520,    98.07, -635.12, 2246.58, -634.84, 2246.84,  50,  -1, 330, 0.05
11:47:24.519,    99.07, -635.12, 2246.58, -634.96, 2246.91,  50,   0, 330, 0.05
11:47:25.519,   100.07, -635.12, 2246.58, -635.02, 2246.91,  50,  -1, 331, 0.05
11:47:26.520,   101.07, -635.12, 2246.58, -635.07, 2246.88,  50,  -2, 332, 0.05
11:47:27.522,   102.07, -638.02, 2251.14, -637.33, 2250.38,  50,  -1, 331, 0.05
11:47:28.521,   103.07, -638.02, 2251.14, -637.87, 2251.17,  50,  -1, 331, 0.05
11:47:29.521,   104.07, -639.10, 2252.89, -638.88, 2252.67,  50,   1, 330, 0.05
11:47:30.520,   105.07, -639.10, 2252.89, -639.13, 2253.00,  50,   0, 331, 0.05
11:47:31.522,   106.07, -640.36, 2254.75, -640.14, 2254.52,  50,   0, 331, 0.05
11:47:32.521,   107.07, -640.96, 2255.67, -640.84, 2255.58,  37,  -1, 333, 0.05
11:47:33.521,   108.07, -640.96, 2255.67, -640.97, 2255.78,  37,  -1, 333, 0.05
11:47:34.520,   109.07, -640.96, 2255.67, -641.01, 2255.82,  37,  -1, 333, 0.05
11:47:35.521,   110.07, -642.36, 2257.97, -642.10, 2257.59,  37,  -2, 333, 0.05
11:47:36.521,   111.07, -642.36, 2257.97, -642.36, 2258.00,  37,  -2, 333, 0.05
11:47:37.521,   112.07, -643.17, 2259.31, -643.06, 2259.12,  37,  -2, 332, 0.05
11:47:38.521,   113.07, -643.62, 2259.93, -643.54, 2259.87,  37,   0, 331, 0.05
11:47:39.523,   114.09, -643.62, 2259.93, -643.66, 2260.04,  50, -41, 331, 0.05
11:47:40.547,   115.09, -643.62, 2259.93, -644.00, 2260.62,  50, -26, 315, 0.05
11:47:41.547,   116.09, -643.62, 2259.93, -643.93, 2260.81,  50, -10, 299, 0.05
11:47:42.548,   117.09, -644.43, 2261.28, -644.52, 2261.16,  50,  -2, 291, 0.05
11:47:43.548,   118.09, -646.46, 2262.96, -646.44, 2261.95,  50,  -1, 291, 0.07
11:47:44.552,   119.10, -647.42, 2263.29, -647.60, 2262.45,  50,  -2, 292, 0.06
11:47:45.552,   120.10, -647.42, 2263.29, -647.84, 2262.62,  50,  -1, 291, 0.06
11:47:46.551,   121.10, -649.35, 2263.95, -649.34, 2263.24,  50,   0, 289, 0.06
11:47:47.552,   122.10, -649.35, 2263.95, -649.67, 2263.41,  50,   0, 289, 0.06
11:47:48.551,   123.10, -649.35, 2263.95, -649.73, 2263.50,  50,   0, 289, 0.06
11:47:49.551,   124.10, -649.35, 2263.95, -649.74, 2263.55,  50,  -2, 291, 0.06
11:47:50.566,   125.10, -649.35, 2263.95, -649.73, 2263.61,  50,  -2, 291, 0.06
11:47:51.550,   126.10, -654.69, 2265.52, -653.68, 2265.22,  50,  -3, 291, 0.05
11:47:52.553,   127.10, -654.69, 2265.52, -654.60, 2265.58,  50,  -1, 289, 0.05
11:47:53.554,   128.10, -656.71, 2266.20, -656.37, 2266.21,  50,   0, 288, 0.05
11:47:54.551,   129.10, -657.70, 2266.46, -657.52, 2266.58,  50,  -1, 289, 0.05
11:47:55.552,   130.10, -657.70, 2266.46, -657.79, 2266.65,  50,  -1, 289, 0.05
11:47:56.551,   131.10, -657.70, 2266.46, -657.86, 2266.65,  50,  -1, 289, 0.05
11:47:57.551,   132.10, -660.78, 2267.41, -660.21, 2267.49,  50,  -3, 291, 0.05
11:47:58.551,   133.10, -661.77, 2267.66, -661.50, 2267.91,  50,  -1, 289, 0.05
11:47:59.551,   134.10, -661.77, 2267.66, -661.82, 2267.97,  50,   0, 288, 0.05
11:48:00.550,   135.10, -661.77, 2267.66, -661.91, 2267.93,  50,  -2, 291, 0.05
11:48:01.551,   136.10, -661.77, 2267.66, -661.93, 2267.92,  50,   1, 288, 0.05
11:48:02.551,   137.10, -661.77, 2267.66, -661.95, 2267.88,  50,   0, 289, 0.05
11:48:03.550,   138.10, -667.33, 2268.94, -666.13, 2269.15,  50,   1, 289, 0.05
11:48:04.553,   139.10, -667.33, 2268.94, -667.11, 2269.36,  50,   0, 291, 0.05
11:48:05.555,   140.10, -667.33, 2268.94, -667.35, 2269.36,  50,  -1, 292, 0.05
11:48:06.551,   141.10, -667.33, 2268.94, -667.43, 2269.32,  50,   1, 291, 0.05
11:48:07.551,   142.10, -672.45, 2270.58, -671.38, 2270.61,  50,   2, 292, 0.05
11:48:08.552,   143.10, -673.53, 2270.95, -673.13, 2271.16,  50,   2, 293, 0.05
11:48:09.558,   144.10, -674.62, 2271.35, -674.38, 2271.55,  50,   2, 294, 0.05
11:48:10.553,   145.10, -674.62, 2271.35, -674.68, 2271.60,  50,   1, 296, 0.05
11:48:11.553,   146.10, -676.58, 2272.19, -676.27, 2272.23,  50,   0, 297, 0.05
11:48:12.554,   147.10, -676.58, 2272.19, -676.64, 2272.36,  50,   1, 297, 0.05
11:48:13.552,   148.10, -676.58, 2272.19, -676.74, 2272.36,  50,  -1, 299, 0.05
11:48:14.553,   149.10, -676.58, 2272.19, -676.76, 2272.35,  50,  -1, 299, 0.05
11:48:15.556,   150.10, -676.20, 2273.40, -676.79, 2272.60,  50,  -3, 299, 0.05
11:48:16.551,   151.10, -680.50, 2274.09, -679.76, 2273.94,  37,  -4, 298, 0.05
11:48:17.551,   152.10, -681.47, 2274.60, -681.17, 2274.55,  37,  -3, 296, 0.05
11:48:18.552,   153.10, -681.47, 2274.60, -681.51, 2274.68,  37,  -1, 294, 0.05
11:48:19.556,   154.10, -681.47, 2274.60, -681.59, 2274.70,  37,   0, 294, 0.05
11:48:20.554,   155.10, -681.47, 2274.60, -681.61, 2274.70,  37,   0, 294, 0.05
11:48:21.552,   156.10, -681.47, 2274.60, -681.62, 2274.69,  37,   0, 294, 0.05
11:48:22.553,   157.12, -685.27, 2275.94, -684.54, 2275.76,  50,-148, 294, 0.05
11:48:23.575,   158.12, -686.05, 2276.21, -685.99, 2276.26,  50,-132, 277, 0.05
11:48:24.576,   159.12, -686.78, 2276.49, -686.75, 2276.36,  50,-107, 252, 0.05
11:48:25.576,   160.12, -686.78, 2276.49, -687.01, 2276.46,  50, -81, 226, 0.05
11:48:26.576,   161.12, -688.31, 2276.39, -687.68, 2276.02,  50, -53, 198, 0.05
11:48:27.578,   162.12, -688.98, 2275.80, -688.16, 2275.64,  50, -28, 173, 0.05
11:48:28.577,   163.12, -688.98, 2275.80, -688.46, 2275.67,  50, -12, 157, 0.05
11:48:29.574,   164.12, -688.98, 2275.80, -688.62, 2275.69,  50,  -5, 150, 0.05
11:48:30.577,   165.12, -688.98, 2275.80, -688.69, 2275.69,  50,  -3, 148, 0.05
11:48:31.574,   166.12, -689.10, 2273.50, -688.15, 2274.35,  50,  -1, 146, 0.05
11:48:32.576,   167.12, -689.10, 2273.50, -688.14, 2273.96,  50,  -2, 147, 0.05
11:48:33.572,   168.12, -687.50, 2270.76, -686.92, 2271.77,  50, -12, 145, 0.05
11:48:34.573,   169.12, -687.50, 2270.76, -686.76, 2271.22,  50,  -8, 140, 0.05
11:48:35.573,   170.12, -686.35, 2269.01, -685.82, 2269.84,  50,  -3, 134, 0.05
11:48:36.574,   171.12, -686.35, 2269.01, -685.69, 2269.48,  50,  -2, 133, 0.05
11:48:37.574,   172.12, -686.35, 2269.01, -685.71, 2269.33,  50,  -3, 134, 0.05
11:48:38.576,   173.12, -686.35, 2269.01, -685.79, 2269.23,  50,  -2, 132, 0.05
11:48:39.575,   174.12, -686.35, 2269.01, -685.85, 2269.17,  50,  -2, 132, 0.05
11:48:40.575,   175.12, -686.35, 2269.01, -685.92, 2269.11,  50,   0, 130, 0.05
11:48:41.575,   176.12, -682.13, 2264.63, -682.70, 2265.70,  50,  -1, 132, 0.05
11:48:42.575,   177.12, -682.13, 2264.63, -682.00, 2264.88,  50,   0, 131, 0.05
11:48:43.575,   178.12, -682.13, 2264.63, -681.86, 2264.67,  50,  -1, 132, 0.05
11:48:44.575,   179.12, -682.13, 2264.63, -681.85, 2264.60,  50,  -1, 132, 0.05
11:48:45.576,   180.12, -679.63, 2262.34, -680.07, 2262.68,  50,  -1, 132, 0.05
11:48:46.576,   181.12, -678.21, 2260.80, -678.57, 2261.05,  50,   0, 132, 0.05
11:48:47.576,   182.12, -678.21, 2260.80, -678.21, 2260.69,  50,   0, 132, 0.05
11:48:48.575,   183.12, -676.68, 2259.27, -677.01, 2259.38,  50,  -2, 135, 0.05
11:48:49.575,   184.12, -675.95, 2258.43, -676.17, 2258.43,  50,  -2, 135, 0.05
11:48:50.577,   185.12, -675.23, 2257.63, -675.42, 2257.60,  50,  -1, 134, 0.05
11:48:51.575,   186.12, -675.23, 2257.63, -675.23, 2257.42,  50,   0, 134, 0.05
11:48:52.576,   187.12, -675.23, 2257.63, -675.16, 2257.40,  50,  -2, 136, 0.05
11:48:53.575,   188.12, -675.23, 2257.63, -675.15, 2257.40,  50,  -1, 135, 0.05
11:48:54.576,   189.12, -675.23, 2257.63, -675.13, 2257.41,  50,  -1, 135, 0.05
11:48:55.575,   190.12, -671.70, 2253.55, -672.42, 2254.26,  50,   3, 135, 0.05
11:48:56.575,   191.12, -671.00, 2252.78, -671.28, 2252.93,  50,   1, 138, 0.05
11:48:57.575,   192.12, -671.00, 2252.78, -671.02, 2252.62,  50,   0, 139, 0.05
11:48:58.575,   193.12, -669.59, 2251.14, -669.94, 2251.24,  50,  -2, 141, 0.05
11:48:59.576,   194.12, -669.59, 2251.14, -669.68, 2250.93,  50,  -1, 140, 0.05
11:49:00.576,   195.12, -669.59, 2251.14, -669.59, 2250.88,  50,  -2, 141, 0.05
11:49:01.575,   196.12, -667.63, 2248.62, -668.10, 2248.90,  50,  -1, 140, 0.05
11:49:02.576,   197.12, -666.97, 2247.78, -667.23, 2247.81,  50,  -1, 140, 0.05
11:49:03.576,   198.12, -666.97, 2247.78, -667.01, 2247.58,  50,  -1, 140, 0.05
11:49:04.575,   199.12, -665.64, 2246.07, -665.93, 2246.20,  50,   0, 140, 0.05
11:49:05.575,   200.12, -665.01, 2245.20, -665.18, 2245.24,  50,  -2, 142, 0.05
11:49:06.577,   201.12, -665.01, 2245.20, -665.00, 2245.02,  50,  -2, 142, 0.05
11:49:07.575,   202.12, -665.01, 2245.20, -664.95, 2244.98,  50,  -2, 142, 0.05
11:49:08.576,   203.12, -662.98, 2242.64, -663.43, 2242.96,  50,  -1, 141, 0.05
11:49:09.577,   204.12, -662.98, 2242.64, -663.06, 2242.51,  50,  -1, 141, 0.05
11:49:10.575,   205.12, -661.75, 2241.03, -662.01, 2241.18,  50,   0, 140, 0.05
11:49:11.575,   206.12, -661.02, 2240.27, -661.24, 2240.26,  50,   0, 141, 0.05
11:49:12.576,   207.12, -661.02, 2240.27, -661.04, 2240.07,  50,  -2, 143, 0.05
11:49:13.576,   208.12, -659.73, 2238.48, -659.99, 2238.65,  50,  -1, 142, 0.05
11:49:14.577,   209.12, -659.73, 2238.48, -659.73, 2238.34,  50,   0, 142, 0.05
11:49:15.574,   210.12, -659.73, 2238.48, -659.66, 2238.27,  50,   0, 142, 0.05
11:49:16.574,   211.12, -659.73, 2238.48, -659.62, 2238.27,  50,  -3, 145, 0.05
11:49:17.573,   212.12, -659.73, 2238.48, -659.62, 2238.27,  50,  -2, 144, 0.05
11:49:18.575,   213.12, -659.73, 2238.48, -659.62, 2238.27,  50,  -2, 144, 0.05
11:49:19.574,   214.12, -659.73, 2238.48, -659.62, 2238.27,  50,  -1, 143, 0.05
11:49:20.575,   215.12, -659.73, 2238.48, -659.61, 2238.27,  50,  -1, 143, 0.05
11:49:21.573,   216.12, -659.73, 2238.48, -659.61, 2238.28,  50,  -1, 143, 0.05
11:49:22.573,   217.12, -653.30, 2229.72, -654.63, 2231.56,  37,   7, 142, 0.05
11:49:23.576,   218.14, -653.30, 2229.72, -653.56, 2230.02,  50,  18, 147, 0.05
11:49:24.596,   219.14, -653.30, 2229.72, -652.88, 2229.07,  50,   9, 157, 0.05
11:49:25.595,   220.14, -652.27, 2228.31, -652.55, 2228.29,  50,   2, 164, 0.05
11:49:26.595,   221.14, -651.52, 2226.44, -652.09, 2226.62,  50,  -1, 167, 0.05
11:49:27.596,   222.14, -651.52, 2226.44, -651.97, 2226.22,  50,  -2, 168, 0.05
11:49:28.596,   223.14, -651.52, 2226.44, -651.94, 2226.13,  50,   0, 166, 0.05
11:49:29.596,   224.14, -650.77, 2223.23, -651.32, 2223.65,  50,  -1, 167, 0.05
11:49:30.596,   225.14, -650.53, 2222.25, -650.97, 2222.32,  50,  -1, 167, 0.05
11:49:31.598,   226.14, -650.53, 2222.25, -650.87, 2222.02,  50,  -1, 167, 0.05
11:49:32.596,   227.14, -649.95, 2220.10, -650.41, 2220.30,  50,   0, 167, 0.05
11:49:33.597,   228.14, -650.72, 2220.25, -650.39, 2220.13,  50,  -3, 169, 0.05
11:49:34.596,   229.14, -649.95, 2220.10, -650.31, 2219.86,  50,   1, 166, 0.05
11:49:35.595,   230.14, -649.95, 2220.10, -650.23, 2219.81,  50,   0, 167, 0.05
11:49:36.596,   231.14, -649.95, 2220.10, -650.18, 2219.81,  50,  -1, 168, 0.05
11:49:37.596,   232.14, -649.95, 2220.10, -650.14, 2219.81,  50,  -1, 168, 0.05
11:49:38.596,   233.14, -648.72, 2214.84, -649.12, 2215.78,  50,   0, 167, 0.05
11:49:39.597,   234.14, -648.42, 2213.79, -648.68, 2214.04,  50,  -3, 170, 0.05
11:49:40.596,   235.14, -648.42, 2213.79, -648.58, 2213.63,  50,   1, 166, 0.05
11:49:41.595,   236.14, -648.03, 2211.60, -648.13, 2211.89,  50,  -3, 170, 0.05
11:49:42.596,   237.14, -648.03, 2211.60, -648.04, 2211.48,  50,  -2, 169, 0.05
11:49:43.596,   238.14, -647.69, 2209.37, -647.64, 2209.70,  50,   0, 167, 0.05
11:49:44.596,   239.14, -647.48, 2208.46, -647.38, 2208.59,  50,   0, 167, 0.05
11:49:45.596,   240.14, -647.48, 2208.46, -647.33, 2208.33,  50,  -1, 168, 0.05
11:49:46.596,   241.14, -647.12, 2206.27, -646.98, 2206.60,  50,  -3, 170, 0.05
11:49:47.597,   242.14, -647.00, 2205.17, -646.77, 2205.36,  50,  -1, 168, 0.05
11:49:48.595,   243.14, -646.76, 2204.05, -646.56, 2204.21,  50,  -2, 168, 0.05
11:49:49.597,   244.14, -646.76, 2204.05, -646.55, 2203.94,  50,   0, 166, 0.05
11:49:50.596,   245.14, -646.09, 2202.11, -646.15, 2202.36,  50,  -1, 167, 0.05
11:49:51.596,   246.14, -645.82, 2201.06, -645.86, 2201.18,  50,  -1, 167, 0.05
11:49:52.595,   247.14, -645.58, 2199.92, -645.59, 2200.04,  50,   0, 166, 0.05
11:49:53.597,   248.14, -645.28, 2198.87, -645.31, 2198.96,  50,   0, 166, 0.05
11:49:54.596,   249.14, -644.95, 2197.77, -645.02, 2197.87,  50,  -1, 167, 0.05
11:49:55.596,   250.14, -644.95, 2197.77, -644.95, 2197.61,  50,  -1, 167, 0.05
11:49:56.597,   251.14, -644.95, 2197.77, -644.92, 2197.56,  50,  -2, 168, 0.05
11:49:57.596,   252.14, -644.95, 2197.77, -644.92, 2197.54,  50,  -1, 167, 0.05
11:49:58.596,   253.14, -644.05, 2193.54, -644.16, 2194.30,  50,  -1, 167, 0.05
11:49:59.597,   254.14, -644.05, 2193.54, -643.99, 2193.55,  50,  -1, 167, 0.05
11:50:00.597,   255.14, -644.05, 2193.54, -643.95, 2193.37,  50,  -2, 168, 0.05
11:50:01.597,   256.14, -643.20, 2190.51, -643.38, 2190.98,  50,  -2, 167, 0.05
11:50:02.596,   257.14, -643.20, 2190.51, -643.24, 2190.43,  50,  -1, 166, 0.05
11:50:03.598,   258.14, -643.20, 2190.51, -643.20, 2190.31,  50,   0, 165, 0.05
11:50:04.597,   259.14, -642.32, 2187.38, -642.53, 2187.86,  50,   0, 166, 0.05
11:50:05.596,   260.14, -642.02, 2186.20, -642.13, 2186.40,  37,   1, 166, 0.05
11:50:06.596,   261.14, -641.72, 2185.08, -641.81, 2185.24,  37,   1, 166, 0.05
11:50:07.598,   262.14, -641.54, 2184.24, -641.58, 2184.34,  37,   1, 167, 0.05
11:50:08.597,   263.14, -641.42, 2183.40, -641.38, 2183.49,  37,   0, 168, 0.05
11:50:09.596,   264.14, -641.33, 2182.52, -641.22, 2182.63,  37,  -5, 171, 0.05
11:50:10.597,   265.14, -641.33, 2182.52, -641.22, 2182.43,  37,  -5, 169, 0.05
11:50:11.596,   266.14, -641.33, 2182.52, -641.23, 2182.38,  37,  -4, 167, 0.05
11:50:12.599,   267.16, -640.85, 2180.34, -640.82, 2180.70,  50,-149, 165, 0.05
11:50:13.618,   268.16, -640.85, 2180.34, -640.65, 2179.58,  50,-134, 149, 0.05
11:50:14.620,   269.16, -640.34, 2178.91, -640.27, 2178.93,  50,-108, 123, 0.05
11:50:15.618,   270.16, -640.06, 2178.26, -639.87, 2178.56,  50, -84,  99, 0.05
11:50:16.619,   271.16, -639.52, 2177.74, -639.45, 2178.32,  50, -61,  76, 0.05
11:50:17.619,   272.16, -639.52, 2177.74, -639.39, 2178.05,  50, -36,  51, 0.05
11:50:18.619,   273.16, -639.52, 2177.74, -639.31, 2177.91,  50, -16,  31, 0.05
11:50:19.617,   274.16, -637.47, 2178.11, -638.55, 2178.55,  50,  -5,  20, 0.05
11:50:20.624,   275.16, -637.04, 2178.88, -638.03, 2179.20,  50,  -9,  17, 0.05
11:50:21.619,   276.17, -637.04, 2178.88, -637.78, 2179.26,  50,  -4,  11, 0.05
11:50:22.619,   277.17, -636.59, 2180.63, -637.37, 2180.58,  50,  -1,   8, 0.05
11:50:23.618,   278.17, -636.47, 2181.64, -637.09, 2181.64,  50,   0,   7, 0.05
11:50:24.619,   279.17, -636.47, 2182.78, -636.86, 2182.73,  50,   0,   7, 0.05
11:50:25.624,   280.17, -636.51, 2183.98, -636.66, 2183.89,  50,  -1,   8, 0.05
11:50:26.623,   281.17, -636.42, 2185.15, -636.46, 2185.04,  50,  -2,   9, 0.05
11:50:27.621,   282.17, -636.42, 2185.15, -636.40, 2185.30,  50,  -1,   8, 0.05
11:50:28.619,   283.17, -636.23, 2187.23, -636.15, 2186.95,  50,  -1,   8, 0.05
11:50:29.623,   284.17, -636.14, 2188.29, -635.98, 2188.14,  50,   1,   7, 0.05
11:50:30.629,   285.17, -636.14, 2188.29, -635.98, 2188.42,  50,   0,   8, 0.05
11:50:31.624,   286.17, -636.14, 2188.29, -635.99, 2188.48,  50,   2,   8, 0.05
11:50:32.619,   287.17, -636.14, 2188.29, -636.03, 2188.50,  50,   0,  11, 0.05
11:50:33.619,   288.17, -635.90, 2192.56, -635.45, 2191.70,  50,  -1,  12, 0.05
11:50:34.618,   289.17, -635.75, 2193.58, -635.23, 2193.23,  50,  -1,  12, 0.05
11:50:35.619,   290.17, -635.75, 2193.58, -635.26, 2193.61,  50,   1,  11, 0.05
11:50:36.618,   291.17, -635.75, 2193.58, -635.34, 2193.71,  50,  -1,  13, 0.05
11:50:37.624,   292.17, -635.75, 2193.58, -635.40, 2193.74,  50,  -1,  13, 0.05
11:50:38.618,   293.17, -635.30, 2197.92, -634.86, 2197.04,  50,   0,  13, 0.05
11:50:39.617,   294.17, -635.00, 2199.99, -634.51, 2199.41,  50,   0,  14, 0.05
11:50:40.618,   295.17, -635.00, 2199.99, -634.51, 2199.97,  50,   0,  14, 0.05
11:50:41.618,   296.17, -635.00, 2199.99, -634.57, 2200.11,  50,   1,  14, 0.05
11:50:42.617,   297.17, -635.00, 2199.99, -634.65, 2200.15,  50,  -1,  16, 0.05
11:50:43.622,   298.17, -634.10, 2204.34, -633.99, 2203.51,  50,  -1,  17, 0.05
11:50:44.618,   299.17, -633.88, 2205.32, -633.70, 2205.05,  50,  -1,  17, 0.05
11:50:45.618,   300.17, -633.73, 2206.31, -633.51, 2206.16,  50,   1,  16, 0.05
11:50:46.627,   301.17, -633.73, 2206.31, -633.51, 2206.42,  50,   1,  16, 0.05
11:50:47.618,   302.17, -633.73, 2206.31, -633.54, 2206.49,  50,  -1,  18, 0.05
11:50:48.621,   303.17, -633.73, 2206.31, -633.56, 2206.51,  50,   0,  17, 0.05
11:50:49.618,   304.17, -633.73, 2206.31, -633.59, 2206.52,  50,  -2,  19, 0.05
11:50:50.618,   305.17, -633.73, 2206.31, -633.61, 2206.52,  50,  -1,  19, 0.05
11:50:51.618,   306.17, -632.19, 2212.73, -632.45, 2211.47,  50,   0,  19, 0.05
11:50:52.618,   307.17, -632.19, 2212.73, -632.19, 2212.61,  50,   0,  19, 0.05
11:50:53.619,   308.17, -631.65, 2214.84, -631.75, 2214.51,  50,   1,  19, 0.05
11:50:54.622,   309.17, -631.35, 2215.90, -631.43, 2215.77,  50,   1,  20, 0.05
11:50:55.620,   310.17, -630.61, 2216.17, -631.16, 2216.35,  50,   0,  20, 0.05
11:50:56.619,   311.17, -631.35, 2215.90, -631.23, 2216.17,  50,  -2,  22, 0.05
11:50:57.618,   312.17, -630.65, 2217.84, -630.79, 2217.64,  50,   0,  21, 0.05
11:50:58.620,   313.17, -630.65, 2217.84, -630.68, 2217.98,  50,  -1,  22, 0.05
11:50:59.619,   314.17, -630.65, 2217.84, -630.64, 2218.05,  50,   0,  21, 0.05
11:51:00.619,   315.17, -630.65, 2217.84, -630.65, 2218.08,  50,  -4,  25, 0.05
11:51:01.619,   316.17, -629.33, 2221.70, -629.62, 2221.05,  50,  -2,  23, 0.05
11:51:02.619,   317.17, -629.33, 2221.70, -629.38, 2221.74,  50,  -2,  22, 0.05
11:51:03.618,   318.17, -628.60, 2223.78, -628.83, 2223.51,  50,   1,  20, 0.05
11:51:04.619,   319.17, -628.48, 2224.66, -628.52, 2224.57,  50,  -1,  22, 0.05
11:51:05.617,   320.17, -628.21, 2225.71, -628.21, 2225.61,  50,   0,  22, 0.05
11:51:06.618,   321.17, -628.21, 2225.71, -628.14, 2225.86,  50,  -1,  23, 0.05
11:51:07.620,   322.17, -627.54, 2227.97, -627.58, 2227.64,  50,   1,  22, 0.05
11:51:08.619,   323.17, -627.54, 2227.97, -627.47, 2228.06,  37,   0,  23, 0.05
11:51:09.618,   324.17, -626.86, 2230.16, -626.90, 2229.79,  37,   0,  24, 0.05
11:51:10.618,   325.17, -626.86, 2230.16, -626.78, 2230.19,  37,  -1,  25, 0.05
11:51:11.619,   326.17, -626.86, 2230.16, -626.76, 2230.28,  37,   0,  25, 0.05
11:51:12.619,   327.17, -626.86, 2230.16, -626.76, 2230.30,  37,  -1,  26, 0.05
11:51:13.621,   328.17, -626.86, 2230.16, -626.76, 2230.31,  37,   0,  25, 0.05
11:51:14.633,   329.17, -626.86, 2230.16, -626.77, 2230.31,  37,  -1,  26, 0.05
11:51:15.618,   330.17, -626.86, 2230.16, -626.78, 2230.32,  37,  -1,  26, 0.05
11:51:16.618,   331.17, -626.86, 2230.16, -626.78, 2230.32,  37,  -2,  27, 0.05
11:51:17.644,   332.17, -626.86, 2230.16, -626.79, 2230.32,  37,  -2,  27, 0.05
11:51:18.620,   333.17, -626.86, 2230.16, -626.78, 2230.32,  37,  -1,  26, 0.05
11:51:19.618,   334.17, -626.86, 2230.16, -626.78, 2230.32,  37,  -1,  26, 0.05
11:51:20.618,   335.17, -626.86, 2230.16, -626.79, 2230.32,  37,  -1,  26, 0.05
11:51:21.618,   336.17, -626.86, 2230.16, -626.79, 2230.32,  37,  -1,  26, 0.05
11:51:22.625,   337.17, -622.94, 2239.54, -623.90, 2237.59,   0,-177,  27, 0.05
11:51:23.590,   338.17, -622.94, 2239.54, -623.90, 2237.59,   0,-177,  26, 0.05
11:51:24.590,   339.17, -622.94, 2239.54, -623.90, 2237.59,   0,-177,  26, 0.05
11:51:25.590,   340.17, -622.94, 2239.54, -623.90, 2237.59,   0,-177,  26, 0.05
11:51:26.590,   341.17, -622.48, 2240.64, -623.90, 2237.59,   0,-177,  26, 0.05
11:51:27.590,   342.17, -622.48, 2240.64, -623.90, 2237.59,   0,-177,  26, 0.05
11:51:28.590,   343.17, -622.48, 2240.64, -623.90, 2237.59,   0,-177,  26, 0.05
11:51:29.590,   344.17, -622.48, 2240.64, -623.90, 2237.59,   0,-177,  26, 0.05
11:51:30.590,   345.17, -622.48, 2240.64, -623.90, 2237.59,   0,-177,  26, 0.05
11:51:31.590,   346.17, -622.48, 2240.64, -623.90, 2237.59,  20,-177,  23, 0.05
11:51:32.590,   347.17, -622.48, 2240.64, -623.90, 2237.59,  30,-177,  13, 0.05
11:51:33.590,   348.17, -622.48, 2240.64, -623.90, 2237.59,  30,-177, 358, 0.05
11:51:34.590,   349.17, -622.48, 2240.64, -623.90, 2237.59,  30,-177, 343, 0.05
11:51:35.590,   350.17, -622.48, 2240.64, -623.90, 2237.59,  30,-177, 329, 0.05
11:51:36.590,   351.17, -622.39, 2242.17, -623.90, 2237.59,  30,-177, 315, 0.05
11:51:37.590,   352.17, -622.39, 2242.17, -623.90, 2237.59,  30,-177, 301, 0.05
11:51:38.590,   353.17, -622.39, 2242.17, -623.90, 2237.59,  30,-177, 285, 0.05
11:51:39.590,   354.17, -623.24, 2243.01, -623.90, 2237.59,  30,-177, 270, 0.05
11:51:40.590,   355.17, -623.24, 2243.01, -623.90, 2237.59,  30,-177, 255, 0.05
11:51:41.591,   356.17, -623.96, 2243.15, -623.90, 2237.59,  30,-177, 239, 0.05
11:51:42.590,   357.17, -624.32, 2243.11, -623.90, 2237.59,  30,-177, 225, 0.05
11:51:43.590,   358.17, -624.71, 2242.93, -623.90, 2237.59,  30,-177, 210, 0.05
11:51:44.591,   359.17, -624.71, 2242.93, -623.90, 2237.59,  30,-177, 196, 0.05
11:51:45.591,   360.17, -624.71, 2242.93, -623.90, 2237.59,  30,-177, 180, 0.05
11:51:46.591,   361.17, -625.37, 2241.83, -623.90, 2237.59,  30,-177, 164, 0.05
11:51:47.591,   362.17, -625.37, 2241.83, -623.90, 2237.59,  30,-177, 149, 0.05
11:51:48.591,   363.17, -625.37, 2241.83, -623.90, 2237.59,  30,-177, 134, 0.05
11:51:51.248,   365.81, -625.07, 2240.53, -623.90, 2237.59,   0,   0, 119, 0.05
11:51:52.245,   366.82, -625.07, 2240.53, -623.90, 2237.59,  10,   0,  96, 0.05
11:51:53.245,   367.82, -624.02, 2239.76, -623.90, 2237.59,  20,   0,  97, 0.05
11:51:54.245,   368.82, -624.02, 2239.76, -623.90, 2237.59,  20,   1,  97, 0.05
11:51:55.245,   369.82, -624.02, 2239.76, -623.90, 2237.59,  20,   1,  98, 0.05
11:51:56.245,   370.82, -624.02, 2239.76, -623.90, 2237.59,  30,   1,  98, 0.05
11:51:57.245,   371.82, -624.02, 2239.76, -623.90, 2237.59,  30,   7, 100, 0.05
11:51:58.245,   372.82, -621.58, 2239.61, -623.90, 2237.59,  30,   7, 105, 0.05
11:51:59.245,   373.82, -621.58, 2239.61, -623.90, 2237.59,  30,   7, 110, 0.05
11:52:00.245,   374.82, -621.58, 2239.61, -623.90, 2237.59,  30,   7, 114, 0.05
11:52:01.245,   375.82, -621.58, 2239.61, -623.90, 2237.59,  30,   0, 117, 0.05
11:52:02.245,   376.82, -621.58, 2239.61, -623.90, 2237.59,  30,   0, 117, 0.05
11:52:03.245,   377.82, -618.65, 2238.84, -623.90, 2237.59,  30,   0, 117, 0.05
11:52:04.245,   378.82, -618.02, 2238.63, -623.90, 2237.59,  30,   0, 117, 0.05
11:52:05.245,   379.82, -618.02, 2238.63, -623.90, 2237.59,  30,   0, 117, 0.05
11:52:06.245,   380.82, -618.02, 2238.63, -623.90, 2237.59,  30,   0, 118, 0.05
11:52:07.245,   381.82, -618.02, 2238.63, -623.90, 2237.59,  30,   0, 119, 0.05
11:52:08.245,   382.82, -618.02, 2238.63, -623.90, 2237.59,  30,   0, 120, 0.05
11:52:09.245,   383.82, -618.02, 2238.63, -623.90, 2237.59,  30,   0, 121, 0.05
11:52:10.245,   384.82, -618.02, 2238.63, -623.90, 2237.59,  30,   0, 122, 0.05
11:52:11.245,   385.82, -618.02, 2238.63, -623.90, 2237.59,  30,   0, 122, 0.05
11:52:12.245,   386.82, -618.02, 2238.63, -623.90, 2237.59,  30,   0, 124, 0.05
11:52:13.245,   387.82, -612.80, 2236.00, -623.90, 2237.59,  30,   0, 124, 0.05
11:52:14.245,   388.82, -612.80, 2236.00, -623.90, 2237.59,  30,   6, 125, 0.05
11:52:15.245,   389.82, -611.63, 2235.35, -623.90, 2237.59,  30,   6, 129, 0.05
11:52:16.245,   390.82, -611.63, 2235.35, -623.90, 2237.59,  30,   6, 134, 0.05
11:52:17.245,   391.82, -610.63, 2234.72, -623.90, 2237.59,  30,   0, 137, 0.05
11:52:18.246,   392.82, -610.15, 2234.28, -623.90, 2237.59,  30,   0, 137, 0.05
11:52:19.246,   393.82, -609.73, 2233.89, -623.90, 2237.59,  30,   0, 138, 0.05
11:52:20.246,   394.82, -609.73, 2233.89, -623.90, 2237.59,  30,   0, 139, 0.05
11:52:21.246,   395.82, -608.73, 2233.01, -623.90, 2237.59,  30,   0, 139, 0.05
11:52:22.246,   396.82, -608.19, 2232.50, -623.90, 2237.59,  30,   0, 139, 0.05
11:52:23.246,   397.82, -608.19, 2232.50, -623.90, 2237.59,  30,   0, 139, 0.05
11:52:24.246,   398.82, -607.10, 2231.41, -623.90, 2237.59,  30,   0, 139, 0.05
11:52:25.246,   399.82, -606.62, 2230.86, -623.90, 2237.59,  30,   6, 141, 0.05
11:52:26.246,   400.82, -606.62, 2230.86, -623.90, 2237.59,  30,   6, 147, 0.05
11:52:27.246,   401.82, -605.86, 2229.91, -623.90, 2237.59,  30,   6, 151, 0.05
11:52:28.246,   402.82, -605.86, 2229.91, -623.90, 2237.59,  30,   6, 156, 0.05
11:52:29.246,   403.82, -605.86, 2229.91, -623.90, 2237.59,  30,   6, 162, 0.05
11:52:30.246,   404.82, -604.99, 2228.56, -623.90, 2237.59,  30,  12, 167, 0.05
11:52:31.246,   405.82, -604.78, 2228.05, -623.90, 2237.59,  30,  12, 176, 0.05
11:52:32.246,   406.82, -604.60, 2227.54, -623.90, 2237.59,  30,  12, 182, 0.05
11:52:33.246,   407.82, -604.57, 2226.99, -623.90, 2237.59,  30,  12, 189, 0.05
11:52:34.246,   408.82, -604.57, 2226.99, -623.90, 2237.59,  30,  18, 198, 0.05
11:52:35.246,   409.82, -604.57, 2226.99, -623.90, 2237.59,  30,  18, 207, 0.05
11:52:36.246,   410.82, -604.62, 2225.46, -623.90, 2237.59,  30,  18, 217, 0.05
11:52:37.330,   411.91, -604.84, 2224.95, -623.90, 2237.59,  30,   0, 227, 0.05
11:52:38.330,   412.91, -604.84, 2224.95, -623.90, 2237.59,  30,   0, 229, 0.05
11:52:39.330,   413.91, -605.56, 2224.07, -623.90, 2237.59,   0,   0, 229, 0.05
11:52:40.330,   414.91, -605.56, 2224.07, -623.90, 2237.59,   0,   0, 230, 0.05
11:52:41.330,   415.91, -605.98, 2223.52, -623.90, 2237.59,   0,   0, 230, 0.05
11:52:42.330,   416.91, -605.96, 2223.52, -623.90, 2237.59,   0,   0, 230, 0.05
11:52:43.330,   417.91, -605.96, 2223.52, -623.90, 2237.59,   0,   0, 230, 0.05
11:52:44.330,   418.91, -605.96, 2223.52, -623.90, 2237.59,   0,   0, 229, 0.05
11:52:45.330,   419.91, -605.96, 2223.52, -623.90, 2237.59,   0,   0, 224, 0.05
11:52:46.330,   420.91, -605.81, 2223.52, -623.90, 2237.59,   0,   0, 188, 0.05
11:52:47.330,   421.91, -605.32, 2223.41, -623.90, 2237.59,   0,   0, 120, 0.06
11:52:48.330,   422.91, -604.62, 2221.77, -623.90, 2237.59,   0,   0, 116, 0.07
11:52:49.330,   423.91, -604.62, 2221.77, -623.90, 2237.59,   0,   0, 116, 0.07
11:52:50.330,   424.91, -604.62, 2221.77, -623.90, 2237.59,   0,   0, 116, 0.07
11:52:51.330,   425.91, -604.15, 2221.33, -623.90, 2237.59,   0,   0, 116, 0.05
11:52:52.330,   426.91, -604.15, 2221.33, -623.90, 2237.59,   0,   0, 116, 0.05
11:52:53.330,   427.91, -604.15, 2221.33, -623.90, 2237.59,   0,   0, 116, 0.05
11:52:54.330,   428.91, -604.15, 2221.33, -623.90, 2237.59,   0,   0, 116, 0.05
11:52:55.330,   429.91, -604.15, 2221.33, -623.90, 2237.59,   0,   0, 116, 0.05
11:52:56.331,   430.91, -604.15, 2221.33, -623.90, 2237.59,   0,   0, 116, 0.05
11:52:57.331,   431.91, -604.15, 2221.33, -623.90, 2237.59,   0,   0, 116, 0.05
11:52:58.331,   432.91, -604.21, 2221.26, -623.90, 2237.59,   0,   0, 116, 0.05
11:52:59.331,   433.91, -604.17, 2221.26, -623.90, 2237.59,   0,   0, 116, 0.05
11:53:00.331,   434.91, -604.17, 2221.26, -623.90, 2237.59,   0,   0, 116, 0.05
11:53:01.331,   435.91, -604.17, 2221.22, -623.90, 2237.59,   0,   0, 116, 0.05
11:53:02.331,   436.91, -604.17, 2221.22, -623.90, 2237.59,   0,   0, 116, 0.05
11:53:03.331,   437.91, -604.21, 2221.26, -623.90, 2237.59,   0,   0, 116, 0.05
11:53:04.331,   438.91, -604.21, 2221.26, -623.90, 2237.59,   0,   0, 116, 0.05
