09:59:58,    1.12, -588.37, 2062.07,   0,   0, 147, 0.52
09:59:59,    2.12, -587.89, 2061.99,   0,   0, 147, 0.52
10:00:00,    3.12, -587.41, 2061.92,   0,   0, 147, 0.51
10:00:01,    4.12, -586.71, 2061.89,   0,   0, 147, 0.51
10:00:02,    5.12, -586.15, 2061.78,   0,   0, 147, 0.54
10:00:03,    6.12, -585.47, 2061.66,   0,   0, 147, 0.52
10:00:04,    7.12, -584.91, 2061.55,   0,   0, 147, 0.52
10:00:05,    8.12, -584.18, 2061.48,   0,   0, 147, 0.51
10:00:06,    9.12, -583.21, 2061.34,   0,   0, 147, 0.52
10:00:07,   10.12, -582.68, 2061.30,   0,   0, 147, 0.47
10:00:08,   11.12, -582.16, 2061.30,   0,   0, 147, 0.47
10:00:09,   12.12, -581.55, 2061.34,   0,   0, 147, 0.50
10:00:10,   13.12, -581.14, 2061.34,   0,   0, 147, 0.46
10:00:11,   14.12, -580.65, 2061.34,   0,   0, 147, 0.46
10:00:12,   15.12, -580.35, 2061.37,   0,   0, 147, 0.45
10:00:13,   16.12, -580.05, 2061.44,   0,   0, 147, 0.45
10:00:14,   17.12, -579.59, 2061.48,   0,   0, 147, 0.43
10:00:15,   18.12, -579.12, 2061.55,   0,   0, 147, 0.43
10:00:16,   19.12, -578.72, 2061.62,   0,   0, 147, 0.44
10:00:17,   20.12, -578.18, 2061.70,   0,   0, 147, 0.43
10:00:18,   21.12, -577.73, 2061.70,   0,   0, 147, 0.42
10:00:19,   22.12, -577.31, 2061.73,   0,   0, 147, 0.44
10:00:20,   23.12, -576.88, 2061.81,   0,   0, 147, 0.43
10:00:21,   24.12, -576.58, 2061.89,   0,   0, 147, 0.40
10:00:22,   25.12, -576.34, 2061.99,   0,   0, 147, 0.44
10:00:23,   26.12, -576.07, 2062.03,   0,   0, 159, 0.44
10:00:24,   27.12, -575.86, 2062.28,   0,   0, 164, 0.64
10:00:25,   28.12, -576.25, 2062.46,   0,   0, 227, 2.14
10:00:26,   29.12, -577.33, 2062.72,   0,   0, 296, 3.18
10:00:27,   30.12, -577.52, 2062.83,   0,   0, 327, 3.72
10:00:28,   31.12, -577.40, 2062.76,   0,   0, 326, 4.28
10:00:29,   32.12, -577.22, 2062.62,   0,   0, 326, 4.75
10:00:30,   33.12, -576.82, 2061.55,   0,   0, 327, 2.83
10:00:31,   34.12, -576.91, 2061.37,   0,   0, 327, 2.07
10:00:32,   35.12, -576.76, 2061.16,   0,   0, 327, 1.65
10:00:33,   36.12, -576.65, 2061.08,   0,   0, 327, 1.59
10:00:34,   37.12, -576.46, 2061.16,   0,   0, 327, 1.59
10:00:35,   38.12, -576.32, 2061.17,  10,   0, 327, 1.49
10:00:36,   39.12, -576.31, 2061.26,  20,   0, 329, 1.44
10:00:37,   40.12, -576.13, 2061.70,  30,   0, 330, 1.41
10:00:38,   41.12, -576.04, 2062.39,  30,   0, 330, 1.60
10:00:39,   42.12, -575.82, 2063.19,  30,   0, 331, 2.00
10:00:40,   43.12, -575.62, 2063.56,  40,   0, 331, 2.10
10:00:41,   44.12, -575.25, 2063.96,  40,   0, 331, 2.16
10:00:42,   45.12, -574.99, 2064.40,  40,   0, 332, 2.08
10:00:43,   46.12, -574.84, 2064.99,  40,   1, 332, 2.60
10:00:44,   47.12, -574.32, 2065.24,  40,   6, 338, 3.27
10:00:45,   48.12, -574.30, 2065.70,  40,   0, 343, 3.89
10:00:46,   49.12, -574.21, 2066.17,  40,   0, 343, 4.45
10:00:47,   50.12, -575.00, 2067.26,  40,   0, 343, 3.33
10:00:48,   51.12, -575.30, 2067.50,  40,   0, 344, 3.11
10:00:49,   52.12, -575.47, 2067.79,  40,   0, 344, 3.03
10:00:50,   53.12, -575.81, 2068.77,  40,   0, 344, 4.13
10:00:51,   54.12, -575.90, 2069.28,  40,   0, 344, 5.04
10:00:52,   55.12, -576.17, 2069.64,  40,   0, 344, 5.50
10:00:53,   56.12, -575.38, 2070.28,  40,   6, 345, 5.85
10:00:54,   57.12, -575.45, 2070.64,  40,   6, 351, 6.16
10:00:55,   58.12, -576.02, 2069.84,  40,   6, 357, 4.65
10:00:56,   59.12, -576.59, 2070.50,  40,   6,   3, 3.94
10:00:57,   60.12, -576.94, 2071.14,  40,   6,   9, 4.30
10:00:58,   61.12, -577.18, 2072.34,  50,   6,  16, 4.74
10:00:59,   62.12, -577.40, 2072.77,  50,   6,  24, 5.18
10:01:00,   63.12, -578.16, 2073.37,  50,   6,  33, 5.90
10:01:01,   64.12, -578.50, 2074.26,  50,   6,  41, 6.41
10:01:02,   65.12, -578.58, 2075.77,  50,   0,  46, 4.79
10:01:03,   66.12, -578.68, 2076.00,  50,   0,  46, 3.96
10:01:04,   67.12, -578.07, 2076.69,  50,   0,  46, 3.75
10:01:05,   68.12, -577.59, 2077.53,  50,   0,  46, 4.38
10:01:06,   69.12, -576.73, 2077.93,  50,   0,  47, 4.99
10:01:07,   70.12, -575.61, 2077.72,  50,   0,  47, 4.45
10:01:08,   71.12, -574.71, 2078.41,  50,   0,  47, 4.67
10:01:09,   72.12, -573.86, 2078.48,  50,   0,  47, 4.10
10:01:10,   73.13, -573.56, 2078.84,  50,   0,  47, 4.65
10:01:11,   74.13, -572.87, 2079.54,  50,   0,  47, 5.21
10:01:12,   75.13, -572.39, 2080.58,  50,   1,  48, 5.64
10:01:13,   76.13, -571.75, 2081.54,  50,   1,  50, 6.06
10:01:14,   77.13, -570.95, 2082.46,  50,   1,  51, 6.45
10:01:15,   78.13, -569.47, 2083.36,  50,   1,  53, 6.78
10:01:16,   79.13, -568.36, 2083.83,  50,   0,  54, 6.93
10:01:17,   80.13, -567.01, 2084.13,  50,   0,  54, 7.02
10:01:18,   81.13, -566.38, 2083.77,  50,   0,  55, 7.07
10:01:19,   82.13, -565.37, 2084.90,  50,   0,  54, 7.01
10:01:20,   83.13, -563.24, 2086.06,  50,   0,  54, 6.85
10:01:21,   84.13, -561.22, 2087.75,  50,   0,  54, 6.61
10:01:22,   85.13, -558.38, 2089.12,  50,   1,  54, 4.87
10:01:23,   86.13, -556.70, 2090.45,  50,   0,  60, 4.86
10:01:24,   87.13, -555.73, 2090.06,  50,   0,  61, 4.82
10:01:25,   88.13, -556.05, 2091.04,  50,   0,  61, 3.58
10:01:26,   89.13, -554.88, 2092.00,  50,   0,  61, 3.38
10:01:27,   90.13, -554.03, 2092.27,  50,   0,  63, 2.40
10:01:28,   91.13, -552.88, 2093.29,  50,   0,  63, 2.09
10:01:29,   92.13, -550.92, 2094.42,  50,   0,  63, 1.70
10:01:30,   93.13, -549.08, 2095.45,  50,   0,  63, 1.50
10:01:31,   94.13, -547.27, 2096.36,  50,   0,  63, 1.28
10:01:32,   95.13, -545.76, 2097.92,  50,   0,  63, 1.14
10:01:33,   96.13, -543.71, 2100.66,  50,   0,  63, 1.04
10:01:34,   97.13, -540.06, 2106.79,  50,   1,  64, 1.99
10:01:35,   98.13, -540.09, 2109.23,  50,  -3,  65, 1.37
10:01:36,   99.13, -538.92, 2111.86,  50,  -3,  61, 1.15
10:01:37,  100.13, -537.56, 2113.65,  50,  -3,  57, 0.99
10:01:38,  101.13, -536.35, 2115.29,  50,   0,  54, 0.88
10:01:39,  102.13, -535.18, 2116.79,  50,   0,  53, 0.79
10:01:40,  103.13, -534.27, 2118.32,  50,   0,  52, 0.74
10:01:41,  104.13, -533.39, 2119.30,  50,  -4,  50, 0.71
10:01:42,  105.13, -532.77, 2119.92,  50,  -4,  45, 0.70
10:01:43,  106.13, -532.07, 2120.87,  50,  -4,  38, 0.69
10:01:44,  107.13, -531.19, 2122.15,  50,  -4,  35, 0.68
10:01:45,  108.13, -529.99, 2123.72,  50,  -4,  30, 0.68
10:01:46,  109.13, -528.78, 2125.28,  50,  -4,  24, 0.61
10:01:47,  110.13, -526.70, 2128.49,  50,  -4,  20, 0.51
10:01:48,  111.13, -526.22, 2129.88,   0,   0,  15, 0.50
10:01:49,  112.13, -526.43, 2129.81,   0,   0,  15, 0.51
10:01:50,  113.13, -526.82, 2129.41,   0,   0,  15, 0.49
10:01:51,  114.13, -526.94, 2129.04,   0,   0,  15, 0.46
10:01:52,  115.13, -526.97, 2128.83,   0,   0,  16, 0.46
10:01:53,  116.13, -526.52, 2129.04,   0,   0,   5, 0.49
10:01:54,  117.13, -526.61, 2130.61,   0,   0, 348, 0.52
10:01:55,  118.13, -527.79, 2133.12,   0,   0, 341, 0.57
10:01:56,  119.13, -529.08, 2136.31,   0,   0, 344, 0.51
10:01:57,  120.13, -529.38, 2139.84,   0,   0, 338, 0.76
10:01:58,  121.13, -530.77, 2143.01,   0,   0, 331, 0.61
10:01:59,  122.13, -532.40, 2145.97,   0,   0, 331, 0.58
10:02:00,  123.13, -534.09, 2148.67,   0,   0, 340, 0.48
10:02:01,  124.13, -535.35, 2151.44,   0,   0, 338, 0.48
10:02:02,  125.13, -535.84, 2153.74,   0,   0, 336, 0.47
10:02:03,  126.13, -535.93, 2155.96,   0,   0, 329, 0.48
10:02:04,  127.13, -536.54, 2158.70,   0,   0, 342, 0.46
10:02:05,  128.13, -536.95, 2160.34,   0,   0, 344, 0.48
10:02:06,  129.13, -537.01, 2160.60,   0,   0, 344, 0.45
10:02:07,  130.13, -536.86, 2160.45,   0,   0, 344, 0.40
10:02:08,  131.13, -536.71, 2160.12,   0,   0, 344, 0.35
10:02:09,  132.13, -536.47, 2159.84,   0,   0, 344, 0.33
10:02:10,  133.13, -536.11, 2159.57,   0,   0, 344, 0.32
10:02:11,  134.13, -535.75, 2159.36,   0,   0, 344, 0.32
10:02:12,  135.13, -535.45, 2159.11,   0,   0, 344, 0.31
10:02:13,  136.13, -535.20, 2158.81,   0,   0, 344, 0.31
10:02:14,  137.13, -534.99, 2158.56,   0,   0, 344, 0.31
10:02:15,  138.13, -534.99, 2158.34,   0,   0, 344, 0.30
10:02:16,  139.13, -534.73, 2158.34,   0,   0, 344, 0.30
10:02:17,  140.13, -534.42, 2158.11,   0,   0, 344, 0.30
10:02:18,  141.13, -534.15, 2157.97,   0,   0, 344, 0.29
10:02:19,  142.13, -533.94, 2157.79,   0,   0, 344, 0.29
10:02:20,  143.13, -533.67, 2157.65,   0,   0, 344, 0.29
10:02:21,  144.13, -533.43, 2157.54,   0,   0, 344, 0.29
10:02:22,  145.13, -533.24, 2157.38,   0,   0, 344, 0.29
10:02:23,  146.13, -533.03, 2157.28,   0,   0, 344, 0.29
10:02:24,  147.13, -532.79, 2157.20,   0,   0, 344, 0.29
10:02:25,  148.13, -532.49, 2157.13,   0,   0, 344, 0.29
10:02:26,  149.13, -532.28, 2157.02,   0,   0, 344, 0.29
10:02:27,  150.13, -532.16, 2156.95,   0,   0, 344, 0.28
10:02:28,  151.13, -532.04, 2156.92,   0,   0, 344, 0.28
10:02:29,  152.13, -531.89, 2156.88,   0,   0, 344, 0.27
10:02:30,  153.13, -531.77, 2156.88,   0,   0, 344, 0.27
10:02:31,  154.13, -531.56, 2156.99,  10,   0, 344, 0.26
10:02:32,  155.13, -531.32, 2157.06,  20,   0, 345, 0.25
10:02:33,  156.13, -531.26, 2157.28,  20,   0, 346, 0.25
10:02:34,  157.13, -531.38, 2157.54,  20,   0, 346, 0.24
10:02:35,  158.13, -531.53, 2157.79,  30,   0, 347, 0.24
10:02:36,  159.13, -531.77, 2158.04,  30,   0, 347, 0.24
10:02:37,  160.13, -532.10, 2158.66,  30,   0, 347, 0.23
10:02:38,  161.13, -532.28, 2159.32,  30,   0, 347, 0.23
10:02:39,  162.13, -532.43, 2159.91,  30,  -4, 347, 0.23
10:02:40,  163.13, -532.58, 2160.41,  30,  -4, 344, 0.23
10:02:41,  164.13, -532.64, 2160.85,  30,  -4, 341, 0.22
10:02:42,  165.13, -532.94, 2161.32,  30,  -4, 338, 0.22
10:02:43,  166.13, -533.09, 2161.76,  30,   0, 336, 0.22
10:02:44,  167.13, -533.24, 2162.24,  40,   0, 337, 0.21
10:02:45,  168.13, -533.52, 2162.82,  40,   0, 337, 0.21
10:02:46,  169.13, -534.00, 2163.63,  40,   0, 337, 0.21
10:02:47,  170.13, -534.60, 2164.35,  40,   0, 337, 0.21
10:02:48,  171.13, -535.26, 2165.20,  40,   0, 338, 0.20
10:02:49,  172.13, -535.75, 2166.11,  40,   0, 338, 0.20
10:02:50,  173.13, -536.08, 2167.05,  40,   0, 338, 0.19
10:02:51,  174.13, -536.69, 2167.96,  40,   0, 338, 0.19
10:02:52,  175.13, -537.16, 2168.80,  40,   0, 338, 0.19
10:02:53,  176.13, -537.80, 2169.72,  40,   0, 338, 0.19
10:02:54,  177.13, -538.58, 2170.63,  40,   0, 338, 0.19
10:02:55,  178.13, -539.28, 2171.51,  40,   0, 338, 0.19
10:02:56,  179.13, -539.82, 2172.42,  40,   0, 338, 0.18
10:02:57,  180.13, -540.12, 2173.33,  40,   0, 340, 0.18
10:02:59,  182.09, -541.03, 2175.16,  40,  -8, 340, 0.17
10:03:00,  183.09, -541.54, 2176.07,  40,  -4, 336, 0.17
10:03:01,  184.09, -541.96, 2176.90,  40,  -1, 333, 0.17
10:03:02,  185.09, -542.42, 2177.78,  40,  -1, 333, 0.17
10:03:03,  186.09, -542.89, 2178.69,  40,   0, 332, 0.16
10:03:04,  187.09, -543.38, 2179.49,  40,  -1, 333, 0.16
10:03:05,  188.09, -543.95, 2180.41,  40,  -1, 333, 0.16
10:03:06,  189.09, -544.34, 2181.28,  40,  -1, 333, 0.16
10:03:07,  190.09, -544.74, 2182.12,  50,   0, 332, 0.16
10:03:08,  191.09, -545.31, 2183.00,  50,  -1, 333, 0.15
10:03:09,  192.09, -546.09, 2184.05,  50,  -1, 333, 0.15
10:03:10,  193.09, -546.85, 2185.15,  50,  -1, 333, 0.15
10:03:11,  194.09, -547.51, 2186.24,  50,  -1, 333, 0.15
10:03:12,  195.09, -548.15, 2187.38,  50,  -1, 333, 0.14
10:03:13,  196.09, -548.75, 2188.47,  50,  -1, 333, 0.18
10:03:14,  197.09, -549.44, 2189.60,  50,   0, 333, 0.15
10:03:15,  198.09, -550.01, 2190.69,  50,   0, 333, 0.14
10:03:16,  199.09, -550.56, 2191.86,  50,  -1, 334, 0.14
10:03:17,  200.09, -551.25, 2192.99,  50,  -1, 334, 0.14
10:03:18,  201.09, -551.88, 2194.16,  50,  -1, 334, 0.14
10:03:19,  202.09, -552.45, 2195.29,  50,  -1, 334, 0.14
10:03:20,  203.09, -552.94, 2196.42,  50,  -1, 334, 0.13
10:03:21,  204.09, -553.48, 2197.51,  50,   0, 333, 0.13
10:03:22,  205.09, -554.09, 2198.61,  50,   0, 334, 0.13
10:03:23,  206.09, -554.81, 2199.78,  50,   0, 334, 0.13
10:03:24,  207.09, -555.44, 2200.91,  50,   0, 334, 0.16
10:03:25,  208.09, -556.07, 2202.07,  50,   0, 334, 0.13
10:03:26,  209.09, -556.71, 2203.25,  50,  -1, 335, 0.13
10:03:27,  210.09, -557.46, 2204.41,  50,  -1, 335, 0.13
10:03:28,  211.09, -558.94, 2206.71,  50,  -1, 335, 0.12
10:03:29,  212.09, -559.69, 2207.84,  50,   0, 335, 0.12
10:03:30,  213.09, -560.36, 2209.00,  50,   0, 335, 0.12
10:03:31,  214.09, -561.14, 2210.14,  50,   0, 335, 0.12
10:03:32,  215.09, -561.95, 2211.27,  50,   0, 336, 0.12
10:03:33,  216.09, -562.80, 2212.44,  50,   0, 336, 0.12
10:03:34,  217.09, -563.59, 2213.64,  50,   1, 336, 0.12
10:03:35,  218.09, -564.34, 2214.88,  50,   1, 337, 0.12
10:03:36,  219.09, -564.88, 2216.04,  50,   0, 338, 0.12
10:03:37,  220.09, -565.39, 2217.14,  50,   1, 338, 0.12
10:03:38,  221.09, -565.96, 2218.30,  50,   2, 340, 0.12
10:03:39,  222.09, -566.60, 2219.51,  50,  -3, 342, 0.11
10:03:40,  223.09, -567.11, 2220.68,  50,  -1, 340, 0.11
10:03:41,  224.09, -567.53, 2221.81,  50,   0, 340, 0.11
10:03:42,  225.09, -567.92, 2223.05,  50,   0, 340, 0.11
10:03:43,  226.09, -568.26, 2224.18,  50,  -1, 341, 0.11
10:03:44,  227.09, -568.71, 2225.32,  50,  -1, 341, 0.10
10:03:45,  228.09, -569.32, 2226.44,  50,  -2, 341, 0.10
10:03:46,  229.09, -569.83, 2227.65,  50,  -1, 340, 0.10
10:03:47,  230.09, -570.34, 2228.78,  50,  -1, 340, 0.10
10:03:48,  231.09, -570.85, 2229.98,  50,  -1, 340, 0.10
10:03:49,  232.09, -571.37, 2231.11,  50,  -1, 340, 0.10
10:03:50,  233.09, -571.97, 2232.25,  50,  -1, 340, 0.10
10:03:51,  234.09, -572.45, 2233.37,  50,  -1, 340, 0.10
10:03:52,  235.09, -571.66, 2234.26,  50,  -1, 338, 0.10
10:03:53,  236.09, -573.03, 2234.58,  50,   0, 338, 0.10
10:03:54,  237.09, -573.60, 2235.67,  50,   0, 338, 0.09
10:03:55,  238.09, -574.20, 2236.81,  50,  -2, 340, 0.10
10:03:56,  239.09, -574.74, 2237.93,  50,   1, 338, 0.10
10:03:57,  240.09, -575.20, 2239.07,  50,  -1, 340, 0.10
10:03:58,  241.09, -575.80, 2240.27,  50,   2, 338, 0.09
10:03:59,  242.09, -576.34, 2241.40,  37,   1, 340, 0.09
10:04:00,  243.09, -576.91, 2242.53,  37,   1, 341, 0.09
10:04:01,  244.09, -577.40, 2243.52,  37,  -3, 345, 0.09
10:04:02,  245.09, -577.78, 2244.25,  37,  -9, 351, 0.09
10:04:03,  246.09, -578.09, 2244.75,  37, -15, 356, 0.09
10:04:04,  247.09, -578.21, 2245.02,  37, -13, 353, 0.09
10:04:05,  248.09, -578.33, 2245.16,  37,  -2, 342, 0.09
10:04:06,  249.09, -578.30, 2245.48,  37,   6, 336, 0.09
10:04:07,  250.11, -578.54, 2246.14,  50, -11, 340, 0.10
10:04:08,  251.11, -578.87, 2246.76,  50,  -5, 333, 0.09
10:04:09,  252.11, -579.33, 2247.49,  50,  -1, 329, 0.09
10:04:10,  253.11, -579.90, 2248.40,  50,   0, 328, 0.09
10:04:11,  254.11, -580.65, 2249.42,  50,  -2, 330, 0.09
10:04:12,  255.11, -581.34, 2250.41,  50,  -2, 330, 0.09
10:04:13,  256.11, -576.82, 2251.98,  50,  -2, 330, 0.05
10:04:14,  257.11, -577.40, 2252.89,  50,  -4, 331, 0.05
10:04:15,  258.11, -577.97, 2253.73,  50,  -5, 331, 0.05
10:04:16,  259.11, -578.45, 2254.53,  50,  -5, 330, 0.05
10:04:17,  260.11, -578.93, 2255.33,  50,  -7, 331, 0.05
10:04:18,  261.11, -579.36, 2256.06,  50,  -8, 331, 0.05
10:04:19,  262.11, -579.74, 2256.69,  50, -11, 330, 0.05
10:04:20,  263.11, -580.08, 2257.27,  50, -10, 328, 0.05
10:04:21,  264.11, -580.42, 2257.81,  50,  -9, 326, 0.05
10:04:22,  265.11, -580.74, 2258.40,  50,  -6, 322, 0.05
10:04:23,  266.11, -581.14, 2259.02,  50,  -8, 323, 0.05
10:04:24,  267.11, -581.53, 2259.68,  50,  -3, 317, 0.05
10:04:25,  268.11, -582.07, 2260.52,  50,  -2, 315, 0.05
10:04:26,  269.11, -582.91, 2261.35,  50,  -1, 314, 0.05
10:04:27,  270.11, -583.76, 2262.16,  50,  -1, 314, 0.05
10:04:28,  271.11, -584.64, 2262.99,  50,  -1, 314, 0.05
10:04:29,  272.11, -585.54, 2263.80,  50,   0, 313, 0.05
10:04:30,  273.11, -586.41, 2264.60,  50,  -1, 314, 0.05
10:04:31,  274.11, -587.35, 2265.40,  50,   1, 313, 0.05
10:04:32,  275.11, -588.31, 2266.25,  50,   1, 314, 0.05
10:04:33,  276.11, -589.24, 2267.05,  50,   1, 315, 0.05
10:04:34,  277.11, -590.18, 2267.85,  50,   1, 316, 0.05
10:04:35,  278.11, -591.05, 2268.62,  50,   4, 317, 0.05
10:04:36,  279.11, -591.99, 2269.42,  50,   2, 320, 0.05
10:04:37,  280.11, -592.86, 2270.22,  50,   0, 323, 0.05
10:04:38,  281.11, -593.71, 2271.10,  50,   1, 323, 0.05
10:04:39,  282.11, -594.56, 2272.04,  50,   1, 324, 0.05
10:04:40,  283.11, -595.34, 2272.99,  50,   0, 326, 0.05
10:04:41,  284.11, -596.10, 2273.94,  50,   1, 326, 0.05
10:04:42,  285.11, -596.88, 2274.93,  50,   1, 327, 0.05
10:04:43,  286.11, -597.66, 2275.91,  50,   1, 328, 0.05
10:04:44,  287.11, -598.42, 2276.90,  50,   2, 329, 0.05
10:04:45,  288.11, -599.17, 2277.88,  50,   0, 332, 0.05
10:04:46,  289.11, -599.83, 2278.90,  50,   0, 333, 0.05
10:04:47,  290.11, -600.44, 2279.85,  50,  -1, 334, 0.05
10:04:48,  291.11, -601.04, 2280.95,  50,   1, 333, 0.05
10:04:49,  292.11, -601.68, 2282.00,  50,   1, 334, 0.05
10:04:50,  293.11, -602.30, 2283.14,  50,   1, 335, 0.05
10:04:51,  294.11, -602.94, 2284.19,  50,   1, 336, 0.05
10:04:52,  295.11, -603.57, 2285.29,  50,   1, 337, 0.05
10:04:53,  296.11, -604.15, 2286.34,  50,   1, 338, 0.05
10:04:54,  297.11, -604.69, 2287.43,  50,  -1, 340, 0.05
10:04:55,  298.11, -605.20, 2288.57,  37,   2, 338, 0.05
10:04:56,  299.11, -605.71, 2289.70,  37,   0, 340, 0.05
10:04:57,  300.11, -606.17, 2290.65,  37,   0, 340, 0.05
10:04:58,  301.11, -606.53, 2291.49,  37,  -1, 341, 0.05
10:04:59,  302.11, -606.86, 2292.29,  37,  -2, 341, 0.05
10:05:00,  303.11, -607.22, 2293.09,  37,  -2, 340, 0.05
10:05:01,  304.13, -607.58, 2293.90,  50,  -6, 338, 0.05
10:05:02,  305.13, -607.94, 2294.66,  50,  -3, 334, 0.05
10:05:03,  306.13, -608.37, 2295.61,  50,  -2, 332, 0.05
10:05:04,  307.13, -608.91, 2296.67,  50,   0, 330, 0.05
10:05:05,  308.13, -609.54, 2297.69,  50,   0, 330, 0.05
10:05:06,  309.13, -610.24, 2298.74,  50,  -1, 331, 0.05
10:05:07,  310.13, -610.93, 2299.77,  50,   1, 330, 0.05
10:05:08,  311.13, -612.23, 2301.84,  50,   0, 331, 0.05
10:05:09,  312.13, -612.89, 2302.98,  50,   0, 331, 0.05
10:05:10,  313.13, -613.59, 2304.03,  50,   0, 332, 0.05
10:05:11,  314.13, -614.22, 2305.13,  50,   0, 332, 0.05
10:05:12,  315.13, -614.88, 2306.22,  50,   0, 333, 0.05
10:05:13,  316.13, -615.52, 2307.32,  50,   1, 333, 0.05
10:05:14,  317.13, -616.08, 2308.34,  37,   1, 334, 0.05
10:05:15,  318.13, -616.60, 2309.22,  37,   1, 335, 0.05
10:05:16,  319.13, -617.02, 2310.02,  37,   1, 336, 0.05
10:05:17,  320.13, -617.44, 2310.78,  37,   2, 336, 0.05
10:05:18,  321.13, -617.87, 2311.55,  37,   2, 338, 0.05
10:05:19,  322.13, -618.23, 2312.35,  37,   2, 340, 0.05
10:05:20,  323.13, -618.59, 2313.15,  37,   2, 342, 0.05
10:05:21,  324.13, -618.95, 2313.92,   0,   5, 343, 0.05
10:05:22,  325.13, -619.10, 2314.33,   0,   5, 343, 0.05
10:05:23,  326.13, -619.08, 2314.33,   0,   5, 343, 0.05
10:05:24,  327.13, -619.08, 2314.33,   0,   5, 343, 0.05
10:05:25,  328.13, -619.08, 2314.33,   0,   5, 343, 0.05
10:05:26,  329.13, -619.08, 2314.33,   0,   5, 343, 0.05
10:05:27,  330.13, -619.08, 2314.33,   0,   5, 343, 0.05
10:05:28,  331.68, -619.08, 2314.33,   0,   5, 343, 0.05
10:05:29,  332.68, -619.08, 2314.33,   0,   5, 355, 0.05
10:05:31,  333.73, -619.19, 2314.29,   0,   5,   9, 0.05
10:05:32,  334.77, -619.32, 2314.29,   0,   5,  23, 0.05
10:05:33,  335.77, -619.40, 2314.33,   0,   5,  42, 0.05
10:05:34,  336.90, -619.40, 2314.33,   0,   5,  42, 0.05
10:05:35,  337.94, -619.40, 2314.33,   0,   5,  55, 0.05
10:05:36,  338.99, -619.44, 2314.40,   0,   5,  69, 0.05
10:05:37,  340.03, -619.47, 2314.47,   0,   5,  83, 0.05
10:05:38,  341.03, -619.49, 2314.58,   0,   5, 100, 0.05
10:05:39,  342.15, -619.49, 2314.61,   0,   5, 100, 0.05
10:05:40,  343.15, -619.49, 2314.61,   0,   5, 113, 0.05
10:05:41,  344.20, -619.47, 2314.65,   0,   5, 127, 0.05
10:05:42,  345.24, -619.40, 2314.72,   0,   5, 141, 0.05
10:05:43,  346.24, -619.25, 2314.88,   0,   5, 157, 0.05
10:05:44,  347.24, -619.25, 2314.88,   0,   5, 157, 0.05
10:05:45,  348.24, -619.23, 2314.91,   0,   5, 158, 0.05
10:05:46,  349.24, -619.23, 2314.91,   0,   5, 158, 0.05
10:05:47,  350.24, -619.54, 2315.03,  20,   5, 158, 0.05
10:05:48,  351.24, -619.19, 2314.91,  20,   5, 160, 0.05
10:05:49,  352.24, -619.10, 2314.69,  30,   5, 163, 0.05
10:05:50,  353.24, -618.92, 2314.33,  30,   5, 166, 0.05
10:05:51,  354.24, -618.68, 2313.74,  30,   6, 171, 0.05
10:05:52,  355.24, -618.47, 2313.08,  30,   2, 175, 0.39
10:05:53,  356.24, -618.29, 2312.42,  30,   2, 178, 0.55
10:05:54,  357.24, -618.17, 2311.77,  30,  -2, 178, 0.58
10:05:55,  358.24, -618.08, 2311.12,  30,  -2, 176, 0.55
10:05:56,  359.24, -618.02, 2310.42,  30,  -2, 174, 0.52
10:05:57,  360.24, -617.96, 2309.73,  30,  -2, 172, 0.57
10:05:58,  361.24, -617.84, 2309.00,  30,  -2, 170, 0.62
10:05:59,  362.24, -617.68, 2308.31,  30,  -2, 169, 0.67
10:06:00,  363.24, -617.53, 2307.65,  30,  -2, 167, 0.72
10:06:01,  364.24, -617.38, 2306.95,  30,  -2, 166, 0.76
10:06:02,  365.24, -617.27, 2306.30,  30,  -2, 164, 0.81
10:06:03,  366.24, -617.06, 2305.60,  30,  -2, 163, 0.43
10:06:04,  367.24, -616.81, 2304.94,  30,  -2, 161, 0.35
10:06:05,  368.24, -616.54, 2304.30,  30,  -2, 159, 0.32
10:06:06,  369.24, -616.30, 2303.64,  30,  -2, 159, 0.31
10:06:07,  370.24, -616.06, 2303.02,  30,  -2, 157, 0.30
10:06:08,  371.24, -615.78, 2302.36,  30,   0, 157, 0.30
10:06:09,  372.24, -615.48, 2301.70,  30,   0, 157, 0.30
10:06:10,  373.24, -615.15, 2301.04,  30,   0, 157, 0.30
10:06:11,  374.24, -614.82, 2300.38,  30,   0, 157, 0.30
10:06:12,  375.24, -614.52, 2299.70,  30,   0, 157, 0.30
10:06:13,  376.24, -614.16, 2298.97,  30,   0, 157, 0.30
10:06:14,  377.24, -613.82, 2298.31,  30,   0, 157, 0.30
10:06:15,  378.24, -613.50, 2297.62,  30,   0, 157, 0.30
10:06:16,  379.24, -613.14, 2296.89,  30,   0, 157, 0.30
10:06:17,  380.24, -612.77, 2296.16,  30,  -1, 157, 0.29
10:06:18,  381.24, -612.44, 2295.39,  30,   0, 156, 0.29
10:06:19,  382.24, -612.11, 2294.70,  30,   0, 156, 0.29
10:06:20,  383.24, -611.78, 2293.93,  40,  -1, 157, 0.29
10:06:21,  384.24, -611.44, 2293.17,  60,  -1, 157, 0.29
10:06:22,  385.24, -610.99, 2292.11,  60,  -1, 157, 0.29
10:06:23,  386.24, -610.33, 2290.69,  60,  -1, 157, 0.29
10:06:24,  387.24, -609.60, 2289.16,  60,  -1, 157, 0.29
10:06:25,  388.24, -608.88, 2287.66,  60,  -2, 157, 0.28
10:06:26,  389.24, -608.16, 2286.20,  60,   0, 155, 0.28
10:06:27,  390.24, -607.49, 2284.74,  60,  -1, 156, 0.28
10:06:28,  391.24, -606.74, 2283.17,  60,  -1, 156, 0.28
10:06:29,  392.24, -606.02, 2281.64,  60,  -4, 153, 0.28
10:06:30,  393.24, -605.30, 2280.36,  60,  -1, 150, 0.28
10:06:31,  394.24, -604.54, 2279.08,  60,  -1, 150, 0.28
10:06:32,  395.24, -603.70, 2277.81,  60,   0, 149, 0.28
10:06:33,  396.24, -602.82, 2276.46,  60,  -1, 150, 0.28
10:06:34,  397.24, -601.83, 2275.18,  60,   0, 149, 0.31
10:06:35,  398.24, -600.98, 2273.98,  60,  -1, 150, 0.34
10:06:36,  399.24, -600.17, 2272.81,  60,  -1, 150, 0.36
10:06:37,  400.24, -599.53, 2271.53,  60,  -1, 150, 0.30
10:06:38,  401.24, -598.78, 2270.22,  60,   0, 149, 0.28
10:06:39,  402.24, -598.02, 2268.87,  60,   0, 149, 0.27
10:06:40,  403.24, -597.24, 2267.52,  60,  -1, 150, 0.26
10:06:41,  404.24, -596.42, 2266.17,  60,   1, 147, 0.26
10:06:42,  405.24, -595.58, 2264.93,  60,  -1, 150, 0.26
10:06:43,  406.24, -594.67, 2263.72,  60,  -1, 150, 0.21
10:06:44,  407.24, -593.77, 2262.41,  60,  -1, 150, 0.20
10:06:45,  408.24, -592.90, 2261.14,  60,   0, 149, 0.20
10:06:46,  409.24, -592.11, 2259.75,  60,  -1, 150, 0.20
10:06:47,  410.24, -591.27, 2258.36,  60,  -1, 150, 0.20
10:06:48,  411.24, -589.16, 2257.85,  60,  -1, 150, 0.05
10:06:49,  412.24, -588.28, 2256.54,  60,  -1, 150, 0.05
10:06:50,  413.24, -587.44, 2255.19,  60,  -1, 150, 0.05
10:06:51,  414.24, -586.60, 2253.91,  60,  -1, 150, 0.05
10:06:52,  415.24, -585.78, 2252.57,  60,  -1, 150, 0.05
10:06:53,  416.24, -584.96, 2251.29,  60,   6, 142, 0.05
10:06:54,  417.24, -584.09, 2249.97,  60,  -1, 150, 0.05
10:06:55,  418.24, -583.28, 2248.66,  60,  -1, 150, 0.05
10:06:56,  419.24, -582.43, 2247.35,  60,  -1, 150, 0.05
10:06:57,  420.24, -581.62, 2246.03,  60,  -1, 150, 0.05
10:06:58,  421.24, -580.78, 2244.68,  60,   0, 149, 0.05
10:06:59,  422.24, -579.93, 2243.26,  60,  -1, 150, 0.05
10:07:00,  423.24, -579.12, 2241.95,  60,  -1, 150, 0.05
10:07:01,  424.24, -578.30, 2240.64,  60,   0, 149, 0.05
10:07:02,  425.24, -577.40, 2239.32,  60,  -1, 150, 0.05
10:07:03,  426.24, -576.52, 2238.00,  60,   0, 149, 0.05
10:07:04,  427.24, -575.67, 2236.63,  60,  -1, 150, 0.05
10:07:05,  428.24, -574.84, 2235.24,  60,   1, 147, 0.05
10:07:06,  429.24, -573.99, 2233.96,  60,  -1, 150, 0.05
10:07:07,  430.24, -573.18, 2232.61,  60,  -1, 150, 0.05
10:07:08,  431.24, -572.39, 2231.34,  60,   0, 149, 0.05
10:07:09,  432.24, -571.54, 2229.95,  60,  -1, 150, 0.05
10:07:10,  433.24, -570.79, 2228.63,  60,  -1, 150, 0.05
10:07:11,  434.24, -569.98, 2227.32,  60,  -1, 150, 0.05
10:07:12,  435.24, -569.13, 2225.97,  60,  -1, 150, 0.05
10:07:13,  436.24, -568.32, 2224.62,  60,  -1, 150, 0.05
10:07:14,  437.24, -567.51, 2223.27,  60,  -1, 150, 0.05
10:07:15,  438.24, -566.69, 2221.92,  60,  -1, 150, 0.05
10:07:16,  439.24, -565.91, 2220.53,  60,  -1, 150, 0.05
10:07:17,  440.24, -565.12, 2219.19,  60,   0, 149, 0.05
10:07:18,  441.24, -564.19, 2217.91,  60,   0, 149, 0.05
10:07:19,  442.24, -563.34, 2216.56,  60,   0, 149, 0.05
10:07:20,  443.24, -562.56, 2215.20,  60,  -1, 150, 0.05
10:07:21,  444.24, -561.78, 2213.79,  60,  -1, 150, 0.05
10:07:22,  445.24, -560.99, 2212.44,  60,  -1, 150, 0.05
10:07:23,  446.24, -560.18, 2211.09,  60,  -1, 150, 0.05
10:07:24,  447.24, -559.39, 2209.73,  60,  -1, 150, 0.05
10:07:25,  448.24, -558.61, 2208.35,  60,  -1, 150, 0.05
10:07:26,  449.24, -557.73, 2207.04,  60,   0, 149, 0.05
10:07:27,  450.24, -558.61, 2206.20,  60,  -1, 150, 0.05
10:07:28,  451.24, -556.92, 2205.69,  60,  -1, 150, 0.05
10:07:29,  452.24, -556.14, 2204.26,  60,   0, 149, 0.05
10:07:30,  453.24, -555.38, 2202.91,  60,   0, 149, 0.05
10:07:31,  454.24, -554.60, 2201.56,  60,  -1, 150, 0.05
10:07:32,  455.24, -553.75, 2200.18,  60,   0, 149, 0.05
10:07:33,  456.24, -552.90, 2198.79,  60,   0, 149, 0.05
10:07:34,  457.24, -552.09, 2197.41,  60,  -1, 150, 0.05
10:07:35,  458.24, -551.34, 2195.98,  60,  -1, 150, 0.05
10:07:36,  459.24, -550.64, 2194.56,  60,   0, 149, 0.05
10:07:37,  460.24, -549.89, 2193.24,  60,  -1, 150, 0.05
10:07:38,  461.24, -549.08, 2191.86,  60,   0, 149, 0.05
10:07:39,  462.24, -548.30, 2190.44,  60,  -1, 150, 0.05
10:07:40,  463.24, -547.51, 2189.05,  60,   0, 149, 0.05
10:07:41,  464.24, -546.72, 2187.66,  60,  -1, 150, 0.05
10:07:42,  465.24, -545.91, 2186.31,  60,  -1, 150, 0.05
10:07:43,  466.24, -545.16, 2184.97,  60,   0, 149, 0.05
10:07:44,  467.24, -544.38, 2183.62,  60,   0, 149, 0.05
10:07:45,  468.24, -543.56, 2182.30,  60,   0, 149, 0.05
10:07:46,  469.24, -542.72, 2180.88,  60,   0, 149, 0.05
10:07:47,  470.24, -541.87, 2179.49,  60,   0, 150, 0.05
10:07:48,  471.24, -541.08, 2178.08,  50,   0, 151, 0.05
10:07:49,  472.24, -540.33, 2176.72,  50,   0, 152, 0.05
10:07:50,  473.24, -539.70, 2175.66,  50,   0, 152, 0.05
10:07:51,  474.24, -539.07, 2174.46,  50,   0, 152, 0.05
10:07:52,  475.24, -538.43, 2173.33,  50,   0, 153, 0.05
10:07:53,  476.24, -537.77, 2172.13,  50,   0, 153, 0.05
10:07:54,  477.24, -537.20, 2170.96,  50,   0, 153, 0.05
10:07:55,  478.24, -536.50, 2169.79,  50,   0, 153, 0.05
10:07:56,  479.24, -535.93, 2168.59,  50,   0, 153, 0.05
10:07:57,  480.24, -535.30, 2167.34,  50,   0, 153, 0.05
10:07:58,  481.24, -534.73, 2166.11,  50,   0, 154, 0.05
10:07:59,  482.24, -534.09, 2164.90,  50,   0, 155, 0.05
10:08:00,  483.24, -533.55, 2163.74,  50,   0, 155, 0.05
10:08:01,  484.24, -532.94, 2162.53,  50,   0, 155, 0.05
10:08:02,  485.24, -532.34, 2161.32,   0,   0, 154, 0.05
10:08:03,  486.24, -531.79, 2160.05,   0,   0, 154, 0.05
10:08:04,  487.24, -531.74, 2159.98,   0,   0, 154, 0.05
10:08:05,  488.24, -531.77, 2159.98,   0,   0, 154, 0.05
10:08:06,  489.24, -531.77, 2160.02,   0,   0, 154, 0.05
10:08:07,  490.24, -531.77, 2160.02,   0,   0, 154, 0.05
10:08:08,  491.24, -531.77, 2160.02,   0,   0, 154, 0.05
10:08:09,  492.24, -531.74, 2160.02,   0,   0, 154, 0.05
10:08:10,  493.24, -531.77, 2160.02,   0,   0, 154, 0.05
10:08:11,  494.24, -531.77, 2159.98,   0,   0, 154, 0.05
10:08:12,  495.24, -531.79, 2160.02,   0,   0, 154, 0.05
10:08:13,  496.24, -531.83, 2159.98,   0,   0, 161, 0.05
10:08:14,  497.24, -531.74, 2160.05,   0,   0, 186, 0.05
10:08:15,  498.24, -531.95, 2159.75,   0,   0, 181, 0.11
10:08:16,  499.24, -531.71, 2157.49,   0,   0, 171, 0.07
10:08:17,  500.24, -531.62, 2155.35,   0,   0, 172, 0.06
10:08:18,  501.24, -531.64, 2152.86,   0,   0, 172, 0.06
10:08:19,  502.24, -531.26, 2150.27,   0,   0, 174, 0.06
10:08:20,  503.24, -530.23, 2147.65,   0,   0, 171, 0.06
10:08:21,  504.24, -529.02, 2145.09,   0,   0, 176, 0.06
10:08:22,  505.24, -528.09, 2142.72,   0,   0, 173, 0.05
10:08:23,  506.24, -527.91, 2140.42,   0,   0, 163, 0.05
10:08:24,  507.24, -526.91, 2137.65,   0,   0, 169, 0.05
10:08:25,  508.24, -525.46, 2135.21,   0,   0, 173, 0.05
10:08:26,  509.24, -524.29, 2132.51,   0,   0, 167, 0.05
10:08:27,  510.24, -523.27, 2129.88,   0,   0, 171, 0.05
10:08:28,  511.24, -520.61, 2124.73,   0,   0, 210, 0.05
10:08:29,  512.24, -519.88, 2123.79,   0,   0, 240, 0.05
10:08:30,  513.24, -519.61, 2124.00,   0,   0, 240, 0.05
10:08:31,  514.24, -519.56, 2124.04,   0,   0, 240, 0.05
10:08:32,  515.24, -519.52, 2124.09,   0,   0, 240, 0.05
10:08:33,  516.24, -519.56, 2124.04,   0,   0, 240, 0.05
10:08:34,  517.24, -519.56, 2124.04,   0,   0, 240, 0.05
10:08:35,  518.24, -519.52, 2124.04,   0,   0, 240, 0.05
10:08:36,  519.24, -519.52, 2124.00,   0,   0, 240, 0.05
10:08:37,  520.24, -519.67, 2123.86,   0,   0, 240, 0.05
10:08:38,  521.24, -519.67, 2123.86,   0,   0, 240, 0.05
10:08:39,  522.24, -519.67, 2123.86,   0,   0, 240, 0.05
10:08:40,  523.24, -519.67, 2123.86,   0,   0, 240, 0.05
10:08:41,  524.24, -519.67, 2123.82,   0,   0, 240, 0.05
10:08:42,  525.24, -519.67, 2123.86,   0,   0, 240, 0.05
10:08:43,  526.24, -519.67, 2123.86,   0,   0, 240, 0.05
10:08:44,  527.24, -519.67, 2123.86,   0,   0, 240, 0.05
10:08:45,  528.24, -519.67, 2123.86,   0,   0, 240, 0.05
10:08:46,  529.24, -519.67, 2123.86,   0,   0, 240, 0.05
10:08:47,  530.24, -519.67, 2123.86,   0,   0, 240, 0.05
10:08:48,  531.24, -519.67, 2123.86,   0,   0, 240, 0.05
10:08:49,  532.24, -519.71, 2123.86,   0,   0, 240, 0.05
10:08:50,  533.24, -519.67, 2123.86,   0,   0, 240, 0.05
10:08:51,  534.24, -519.71, 2123.82,  20,   0, 241, 0.05
10:08:52,  535.24, -519.95, 2123.68,  30,   0, 241, 0.05
10:08:53,  536.24, -520.43, 2123.43,  40,   0, 242, 0.05
10:08:54,  537.24, -521.31, 2123.02,  40,   0, 242, 0.05
10:08:55,  538.24, -522.14, 2122.54,  40,   0, 241, 0.05
10:08:56,  539.24, -522.93, 2122.15,  40,   0, 242, 0.05
10:08:57,  540.24, -523.78, 2121.71,  40,   0, 241, 0.05
10:08:58,  541.24, -524.62, 2121.27,  40,   0, 241, 0.05
10:08:59,  542.24, -525.46, 2120.90,  40,   0, 241, 0.05
10:09:00,  543.24, -526.34, 2120.44,  40,   0, 241, 0.05
10:09:01,  544.24, -527.21, 2120.03,  40,   0, 241, 0.05
10:09:02,  545.24, -528.02, 2119.56,  40,   0, 241, 0.05
10:09:03,  546.24, -528.90, 2119.16,  40,   0, 241, 0.05
10:09:04,  547.24, -529.66, 2118.71,  40,   0, 241, 0.05
10:09:05,  548.24, -530.53, 2118.28,  40,   0, 240, 0.05
10:09:06,  549.25, -531.34, 2117.80,  40,   0, 240, 0.05
10:09:07,  550.25, -531.68, 2116.56,  40,   0, 240, 0.05
10:09:08,  551.25, -532.49, 2117.15,  40,   0, 240, 0.05
10:09:09,  552.25, -533.39, 2116.64,  30,   0, 238, 0.05
10:09:10,  553.25, -534.18, 2116.20,  30,   1, 235, 0.05
10:09:11,  554.25, -534.90, 2115.84,  30,   1, 238, 0.05
10:09:12,  555.25, -535.48, 2115.43,  30,   1, 239, 0.05
10:09:13,  556.25, -535.96, 2115.11,  30,   1, 240, 0.06
10:09:14,  557.25, -536.69, 2114.70,  30,   1, 241, 0.07
10:09:15,  558.25, -537.26, 2114.34,  30,   1, 242, 0.07
10:09:16,  559.25, -537.74, 2113.97,  30,   1, 244, 0.07
10:09:17,  560.25, -538.19, 2113.69,  30,   1, 244, 0.07
10:09:18,  561.25, -538.55, 2113.47,  30,   1, 248, 0.06
10:09:19,  562.25, -538.86, 2113.32,  30,   1, 249, 0.05
10:09:20,  563.25, -539.07, 2113.03,  30,   1, 250, 0.07
10:09:21,  564.25, -539.48, 2112.81,  30,   2, 251, 0.08
10:09:22,  565.25, -539.76, 2112.70,  30,  -3, 249, 0.14
10:09:23,  566.25, -540.42, 2112.48,  30,  -3, 247, 0.16
10:09:24,  567.25, -541.42, 2112.41,  40,  -3, 244, 0.22
10:09:25,  568.25, -541.81, 2112.08,  40,  -3, 241, 0.12
10:09:26,  569.25, -542.99, 2111.68,  40,  -3, 237, 0.16
10:09:27,  570.25, -543.68, 2111.32,  40,  -3, 234, 0.18
10:09:28,  571.25, -544.10, 2111.02,  40,  -3, 231, 2.24
10:09:29,  572.25, -544.99, 2110.60,  40,  -3, 227, 3.85
10:09:30,  573.25, -545.52, 2110.95,  40,  -3, 223, 2.94
10:09:31,  574.25, -546.51, 2110.32,  40,  -3, 220, 1.79
10:09:32,  575.25, -547.33, 2109.45,  40,  -3, 217, 1.88
10:09:33,  576.25, -547.87, 2108.76,  50,   0, 215, 2.95
10:09:34,  577.25, -549.21, 2107.60,  70,   0, 215, 4.12
10:09:35,  578.25, -549.97, 2107.16,  90,   0, 215, 3.45
10:09:36,  579.25, -550.84, 2106.57,  90,   0, 215, 4.03
10:09:37,  580.25, -551.82, 2105.13,  90,   0, 216, 4.62
10:09:38,  581.25, -552.46, 2104.72,  90,   0, 216, 5.77
10:09:39,  582.25, -553.39, 2104.06,  90,   0, 216, 6.56
10:09:40,  583.25, -554.55, 2102.92,  90,   0, 215, 6.93
10:09:41,  584.25, -555.36, 2102.28,  90,  -4, 214, 7.12
10:09:42,  585.25, -556.09, 2102.26,  90,  -4, 204, 7.23
10:09:43,  586.25, -556.20, 2102.26,  90,  -4, 194, 7.50
10:09:44,  587.25, -557.18, 2101.46,  90,  -4, 183, 4.95
10:09:45,  588.25, -557.66, 2100.38,  90,  -4, 173, 5.25
10:09:46,  589.25, -557.18, 2100.12,  90,  -4, 163, 5.52
10:09:47,  590.25, -556.71, 2098.97,  90,   0, 155, 6.04
10:09:48,  591.25, -557.07, 2097.77,  90,   0, 155, 6.56
10:09:49,  592.25, -556.51, 2096.06,  90,  -4, 153, 7.11
10:09:50,  593.25, -556.15, 2094.21,  90,   0, 145, 7.62
10:09:51,  594.25, -555.36, 2092.98,  90,   0, 146, 8.06
10:09:52,  595.25, -554.47, 2091.45,  80,   0, 145, 8.50
10:09:53,  596.25, -552.50, 2089.56,  40,   0, 145, 8.91
10:09:54,  597.25, -552.89, 2088.32,  40,   0, 145, 9.14
10:09:55,  598.25, -552.15, 2086.18,   0,   0, 144, 9.27
10:09:56,  599.25, -551.79, 2085.26,   0,   0, 144, 9.47
10:09:57,  600.25, -552.34, 2087.82,   0,   0, 144, 6.09
10:09:58,  601.25, -552.24, 2088.84,   0,   0, 144, 4.87
10:09:59,  602.25, -553.03, 2088.98,   0,   0, 144, 3.43
10:10:00,  603.25, -553.51, 2088.41,   0,   0, 144, 2.76
10:10:01,  604.25, -553.90, 2087.27,   0,   0, 144, 2.31
10:10:02,  605.25, -554.39, 2085.26,   0,   0, 144, 2.06
10:10:03,  606.25, -555.02, 2083.73,   0,   0, 144, 1.90
10:10:04,  607.25, -556.05, 2082.35,   0,   0, 144, 1.84
10:10:05,  608.25, -556.92, 2081.18,   0,   0, 144, 1.82
10:10:06,  609.25, -557.76, 2079.29,   0,   0, 145, 1.76
10:10:07,  610.25, -558.79, 2079.43,   0,   0, 161, 2.64
10:10:08,  611.25, -558.37, 2079.79,   0,   0, 148, 3.42
10:10:09,  612.25, -557.58, 2079.50,   0,   0, 156, 4.04
10:10:10,  613.25, -557.04, 2079.32,   0,   0, 157, 4.71
10:10:11,  614.25, -557.70, 2079.36,   0,   0, 157, 4.19
10:10:12,  615.25, -558.16, 2079.17,   0,   0, 157, 3.37
10:10:13,  616.25, -558.31, 2079.17,   0,   0, 157, 2.82
10:10:14,  617.25, -558.27, 2079.13,   0,   0, 157, 2.28
10:10:15,  618.25, -558.31, 2078.88,   0,   0, 157, 2.05
10:10:16,  619.25, -558.33, 2078.67,   0,   0, 157, 1.86
10:10:17,  620.25, -558.43, 2078.08,   0,   0, 157, 1.76
