10:05:32.735,     1.00, -604.17, 2221.38,    0.00,    0.00,   0,   0,  98, 0.05
10:05:33.735,     2.00, -604.17, 2221.38,    0.00,    0.00,   0,   0,  98, 0.05
10:05:34.735,     3.00, -604.17, 2221.38,    0.00,    0.00,   0,   0,  98, 0.05
10:05:35.735,     4.00, -604.17, 2221.38,    0.00,    0.00,   0,   0,  98, 0.05
10:05:36.735,     5.00, -604.17, 2221.38,    0.00,    0.00,   0,   0,  98, 0.05
10:05:37.735,     6.00, -604.17, 2221.38,    0.00,    0.00,   0,   0,  98, 0.05
10:05:38.735,     7.00, -604.15, 2221.38,    0.00,    0.00,   0,   0,  98, 0.05
10:05:39.735,     8.00, -604.15, 2221.38,    0.00,    0.00,   0,   0,  98, 0.05
10:05:40.735,     9.00, -604.15, 2221.38,    0.00,    0.00,   0,   0,  98, 0.05
10:05:41.736,    10.00, -604.17, 2221.38,    0.00,    0.00,   0,   0,  98, 0.05
10:05:42.736,    11.00, -604.17, 2221.41,    0.00,    0.00,   0,   0,  98, 0.05
10:05:43.736,    12.00, -604.15, 2221.38,    0.00,    0.00,   0,   0,  98, 0.05
10:05:44.736,    13.00, -604.15, 2221.38,    0.00,    0.00,   0,   0,  98, 0.05
10:05:45.736,    14.00, -604.47, 2221.41,    0.00,    0.00,   0,   0, 102, 0.05
10:05:46.736,    15.00, -605.32, 2222.18,    0.00,    0.00,   0,   0,  39, 0.05
10:05:47.736,    16.00, -605.83, 2223.45,    0.00,    0.00,   0,   0,  23, 0.05
10:05:48.736,    17.00, -605.75, 2224.11,    0.00,    0.00,   0,   0,  22, 0.05
10:05:49.736,    18.00, -605.56, 2224.73,    0.00,    0.00,   0,   0,  21, 0.06
10:05:50.736,    19.00, -605.45, 2224.62,    0.00,    0.00,   0,   0,  21, 0.05
10:05:51.736,    20.00, -605.56, 2224.62,    0.00,    0.00,   0,   0,  21, 0.06
10:05:52.736,    21.00, -605.45, 2224.59,    0.00,    0.00,   0,   0,  21, 0.05
10:05:53.736,    22.00, -605.45, 2224.59,    0.00,    0.00,   0,   0,  21, 0.05
10:05:54.736,    23.00, -605.45, 2224.59,    0.00,    0.00,   0,   0,  21, 0.05
10:05:55.736,    24.00, -605.47, 2224.59,    0.00,    0.00,   0,   0,  21, 0.05
10:05:56.736,    25.00, -605.47, 2224.55,    0.00,    0.00,   0,   0,  21, 0.05
10:05:57.736,    26.00, -605.47, 2224.59,    0.00,    0.00,   0,   0,  21, 0.05
10:05:58.736,    27.00, -605.45, 2224.59,    0.00,    0.00,   0,   0,  21, 0.05
10:05:59.736,    28.00, -605.45, 2224.59,    0.00,    0.00,   0,   0,  21, 0.05
10:06:00.736,    29.00, -605.45, 2224.59,    0.00,    0.00,   0,   0,  21, 0.05
10:06:01.736,    30.00, -605.45, 2224.59,    0.00,    0.00,   0,   0,  21, 0.05
10:06:02.736,    31.00, -605.45, 2224.59,    0.00,    0.00,   0,   0,  21, 0.05
10:06:03.736,    32.00, -605.45, 2224.55,    0.00,    0.00,   0,   0,  21, 0.05
10:06:04.736,    33.00, -605.45, 2224.55,    0.00,    0.00,   0,   0,  21, 0.05
10:06:05.736,    34.00, -605.45, 2224.59,    0.00,    0.00,   0,   0,  21, 0.05
10:06:06.736,    35.00, -605.45, 2224.55,    0.00,    0.00,   0,   0,  21, 0.05
10:06:07.736,    36.00, -605.45, 2224.59,    0.00,    0.00,   0,   0,  21, 0.05
10:06:08.736,    37.00, -605.45, 2224.59,    0.00,    0.00,   0,   0,  21, 0.05
10:06:09.736,    38.00, -605.45, 2224.59,    0.00,    0.00,   0,   0,  21, 0.05
10:06:10.736,    39.00, -605.45, 2224.59,    0.00,    0.00,   0,   0,  21, 0.05
10:06:11.736,    40.00, -605.45, 2224.59,    0.00,    0.00,   0,   0,  21, 0.05
10:06:12.736,    41.00, -605.45, 2224.59,    0.00,    0.00,   0,   0,  21, 0.05
10:06:13.736,    42.00, -605.45, 2224.59,    0.00,    0.00,   0,   0,  21, 0.05
10:06:14.736,    43.00, -605.45, 2224.59,    0.00,    0.00,   0,   0,  21, 0.05
10:06:15.736,    44.00, -605.45, 2224.55,    0.00,    0.00,   0,   0,  21, 0.05
10:06:16.736,    45.00, -605.45, 2224.55,    0.00,    0.00,   0,   0,  22, 0.05
10:06:17.736,    46.00, -605.45, 2224.59,    0.00,    0.00,   0,   0,  22, 0.05
10:06:18.736,    47.00, -605.45, 2224.59,    0.00,    0.00,   0,   0,  22, 0.05
10:06:19.736,    48.00, -605.45, 2224.59,    0.00,    0.00,   0,   0,  22, 0.05
10:06:20.737,    49.00, -605.45, 2224.59,    0.00,    0.00,   0,   0,  22, 0.05
10:06:21.736,    50.00, -605.45, 2224.59,    0.00,    0.00,   0,   0,  22, 0.05
10:06:22.737,    51.00, -605.45, 2224.59,    0.00,    0.00,   0,   0,  22, 0.05
10:06:23.736,    52.00, -605.45, 2224.59,    0.00,    0.00,   0,   0,  22, 0.05
10:06:24.736,    53.00, -605.45, 2224.59,    0.00,    0.00,   0,   0,  22, 0.05
10:06:25.736,    54.00, -605.45, 2224.59,    0.00,    0.00,   0,   0,  22, 0.05
10:06:26.737,    55.00, -605.45, 2224.59,    0.00,    0.00,   0,   0,  22, 0.05
10:06:27.737,    56.00, -605.45, 2224.59,    0.00,    0.00,   0,   0,  22, 0.05
10:06:28.737,    57.00, -605.45, 2224.59,    0.00,    0.00,   0,   0,  22, 0.05
10:06:29.737,    58.00, -605.45, 2224.59,    0.00,    0.00,   0,   0,  22, 0.05
10:06:30.737,    59.00, -605.45, 2224.59,    0.00,    0.00,   0,   0,  22, 0.05
10:06:31.736,    60.00, -605.45, 2224.59,    0.00,    0.00,   0,   0,  22, 0.05
10:06:32.737,    61.00, -605.45, 2224.59,    0.00,    0.00,   0,   0,  22, 0.05
10:06:33.737,    62.00, -605.45, 2224.59,    0.00,    0.00,   0,   0,  22, 0.05
10:06:34.737,    63.00, -605.45, 2224.59,    0.00,    0.00,   0,   0,  22, 0.05
10:06:35.737,    64.00, -605.45, 2224.59,    0.00,    0.00,   0,   0,  22, 0.05
10:06:36.737,    65.00, -605.45, 2224.59,    0.00,    0.00,   0,   0,  22, 0.05
10:06:37.737,    66.00, -605.45, 2224.59,    0.00,    0.00,   0,   0,  22, 0.05
10:06:38.737,    67.00, -605.45, 2224.59,    0.00,    0.00,   0,   0,  22, 0.05
10:06:39.737,    68.00, -605.45, 2224.59,    0.00,    0.00,   0,   0,  22, 0.05
10:06:40.737,    69.00, -605.45, 2224.59,    0.00,    0.00,   0,   0,  22, 0.05
10:06:41.737,    70.00, -605.45, 2224.59,    0.00,    0.00,   0,   0,  22, 0.05
10:06:42.737,    71.00, -605.50, 2224.55,    0.00,    0.00,   0,   0,  22, 0.05
10:06:43.737,    72.00, -605.47, 2224.55,    0.00,    0.00,   0,   0,  22, 0.05
10:06:44.737,    73.00, -605.47, 2224.55,    0.00,    0.00,   0,   0,  22, 0.05
10:06:45.737,    74.00, -605.45, 2224.55,    0.00,    0.00,   0,   0,  22, 0.05
10:06:46.737,    75.00, -605.47, 2224.59,    0.00,    0.00,   0,   0,  22, 0.05
10:06:47.737,    76.00, -605.45, 2224.59,    0.00,    0.00,   0,   0,  22, 0.05
10:06:48.737,    77.00, -605.45, 2224.59,    0.00,    0.00,   0,   0,  22, 0.05
10:06:49.737,    78.00, -605.47, 2224.59,    0.00,    0.00,  10,   0,  21, 0.05
10:06:50.737,    79.00, -605.45, 2224.55,    0.00,    0.00,  20,   0,  21, 0.05
10:06:51.737,    80.00, -605.38, 2224.77,    0.00,    0.00,  20,   0,  20, 0.05
10:06:52.737,    81.00, -605.14, 2225.09,    0.00,    0.00,  20,   0,  21, 0.05
10:06:53.737,    82.00, -604.93, 2225.53,    0.00,    0.00,  30,  -1,  22, 0.05
10:06:54.737,    83.00, -604.78, 2226.01,    0.00,    0.00,  30,  -6,  19, 0.05
10:06:55.737,    84.00, -604.47, 2226.59,    0.00,    0.00,  30, -12,  14, 0.05
10:06:56.737,    85.00, -604.24, 2227.14,    0.00,    0.00,  30, -12,   7, 0.05
10:06:57.737,    86.00, -604.09, 2227.65,    0.00,    0.00,  30, -12,   0, 0.05
10:06:58.737,    87.00, -603.96, 2228.15,    0.00,    0.00,  30, -12, 353, 0.05
10:06:59.737,    88.00, -603.94, 2228.67,    0.00,    0.00,  30, -12, 345, 0.05
10:07:00.737,    89.00, -603.94, 2229.18,    0.00,    0.00,  30, -12, 338, 0.05
10:07:01.737,    90.00, -604.00, 2229.61,    0.00,    0.00,  30, -12, 331, 0.05
10:07:02.737,    91.00, -604.11, 2230.09,    0.00,    0.00,  30, -12, 324, 0.05
10:07:03.737,    92.00, -604.30, 2230.61,    0.00,    0.00,  30, -12, 317, 0.05
10:07:04.737,    93.00, -604.87, 2231.55,    0.00,    0.00,  30, -12, 310, 0.05
10:07:05.737,    94.00, -605.20, 2231.95,    0.00,    0.00,  30, -12, 303, 0.05
10:07:06.737,    95.00, -605.62, 2232.32,    0.00,    0.00,  30, -12, 296, 0.05
10:07:07.737,    96.00, -606.07, 2232.61,    0.00,    0.00,  30, -12, 287, 0.05
10:07:08.737,    97.00, -606.65, 2232.83,    0.00,    0.00,  30,   0, 281, 0.05
10:07:09.737,    98.00, -607.34, 2233.01,    0.00,    0.00,  30,   0, 281, 0.05
10:07:10.956,    99.14, -608.07, 2233.19, -608.11, 2233.16,  50,  -4, 281, 0.05
10:07:11.917,   100.14, -608.91, 2233.41, -608.91, 2233.31,  50,  -1, 278, 0.05
10:07:12.908,   101.14, -609.90, 2233.63, -609.87, 2233.45,  50,  -1, 278, 0.05
10:07:13.910,   102.14, -610.90, 2233.81, -610.86, 2233.60,  50,  -1, 277, 0.05
10:07:14.909,   103.14, -611.99, 2233.99, -611.93, 2233.74,  50,   0, 276, 0.05
10:07:15.911,   104.14, -613.10, 2234.17, -613.04, 2233.88,  50,  -1, 277, 0.05
10:07:16.911,   105.14, -614.12, 2234.44, -614.09, 2234.04,  50,   0, 276, 0.05
10:07:17.909,   106.14, -615.25, 2234.62, -615.20, 2234.20,  50,  -1, 277, 0.05
10:07:18.908,   107.14, -616.30, 2234.76, -616.26, 2234.38,  50,  -2, 277, 0.05
10:07:19.914,   108.14, -617.36, 2234.90, -617.32, 2234.55,  37,  -1, 276, 0.05
10:07:20.915,   109.14, -618.38, 2235.05, -618.30, 2234.71,  37,  -2, 276, 0.05
10:07:21.906,   110.14, -619.10, 2235.13, -619.07, 2234.84,  37,  -2, 275, 0.05
10:07:22.920,   111.14, -619.92, 2235.17, -619.87, 2234.95,  37,  -2, 274, 0.05
10:07:23.910,   112.14, -620.70, 2235.24, -620.65, 2235.04,  37,  -1, 273, 0.05
10:07:24.910,   113.14, -621.51, 2235.27, -621.46, 2235.12,  37,  -1, 272, 0.05
10:07:25.912,   114.14, -622.33, 2235.27, -622.27, 2235.18,  37,   1, 271, 0.05
10:07:26.915,   115.17, -623.11, 2235.31, -623.06, 2235.23,  50,  50, 272, 0.05
10:07:27.933,   116.17, -623.90, 2235.35, -623.90, 2235.34,  50,  34, 288, 0.05
10:07:28.935,   117.17, -624.65, 2235.42, -624.61, 2235.55,  50,  15, 307, 0.05
10:07:29.936,   118.17, -625.41, 2235.74, -625.21, 2235.98,  50,   5, 317, 0.05
10:07:30.966,   119.18, -626.01, 2236.33, -625.76, 2236.55,  50,   2, 321, 0.05
10:07:31.944,   120.18, -626.61, 2237.06, -626.34, 2237.23,  50,   0, 323, 0.05
10:07:32.943,   121.18, -627.24, 2237.93, -626.98, 2238.04,  50,   0, 323, 0.05
10:07:33.944,   122.18, -627.94, 2238.81, -627.66, 2238.90,  50,   0, 323, 0.05
10:07:34.945,   123.18, -628.54, 2239.76, -628.35, 2239.78,  50,   1, 322, 0.05
10:07:35.943,   124.18, -629.27, 2240.64, -629.06, 2240.66,  50,   0, 323, 0.05
10:07:36.944,   125.18, -629.90, 2241.58, -629.76, 2241.56,  50,   0, 323, 0.05
10:07:37.944,   126.18, -630.54, 2242.53, -630.46, 2242.46,  50,   1, 322, 0.05
10:07:38.944,   127.18, -631.16, 2243.45, -631.14, 2243.34,  50,   1, 323, 0.05
10:07:39.943,   128.18, -631.77, 2244.32, -631.78, 2244.20,  50,   1, 323, 0.05
10:07:40.944,   129.18, -632.44, 2245.16, -632.42, 2245.06,  50,   0, 324, 0.05
10:07:41.944,   130.18, -633.07, 2246.07, -633.07, 2245.95,  50,   0, 324, 0.05
10:07:42.949,   131.18, -633.61, 2246.98, -633.67, 2246.83,  50,  -2, 325, 0.05
10:07:43.953,   132.18, -634.27, 2247.89, -634.30, 2247.75,  50,  -1, 324, 0.05
10:07:44.950,   133.18, -634.85, 2248.85, -634.93, 2248.67,  50,   0, 323, 0.05
10:07:45.951,   134.18, -635.48, 2249.68, -635.54, 2249.53,  50,  -1, 323, 0.05
10:07:46.945,   135.18, -636.11, 2250.52, -636.15, 2250.39,  50,  -1, 323, 0.05
10:07:47.944,   136.18, -636.68, 2251.40, -636.76, 2251.25,  50,   0, 322, 0.05
10:07:48.944,   137.18, -637.29, 2252.23, -637.36, 2252.08,  50,   0, 322, 0.05
10:07:49.943,   138.18, -638.02, 2253.18, -638.05, 2253.02,  50,   0, 321, 0.05
10:07:50.943,   139.18, -638.62, 2254.05, -638.69, 2253.89,  50,   0, 321, 0.05
10:07:51.943,   140.18, -639.28, 2254.90, -639.33, 2254.75,  50,   1, 320, 0.05
10:07:52.944,   141.18, -639.98, 2255.81, -640.01, 2255.65,  37,   0, 321, 0.05
10:07:53.944,   142.18, -640.60, 2256.54, -640.59, 2256.41,  37,  -1, 321, 0.05
10:07:54.945,   143.18, -641.12, 2257.13, -641.08, 2257.06,  37,  -1, 321, 0.05
10:07:55.944,   144.18, -641.57, 2257.74, -641.56, 2257.68,  37,   0, 320, 0.05
10:07:56.948,   145.18, -642.05, 2258.40, -642.05, 2258.32,  37,   0, 320, 0.05
10:07:57.945,   146.18, -642.60, 2259.06, -642.57, 2258.98,  37,   0, 320, 0.05
10:07:58.943,   147.18, -643.08, 2259.61, -643.04, 2259.57,  37,   0, 320, 0.05
10:07:59.946,   148.20, -643.65, 2260.26, -643.57, 2260.22,  50, -31, 321, 0.05
10:08:00.967,   149.20, -644.11, 2260.84, -644.15, 2260.87,  50, -18, 307, 0.05
10:08:01.965,   150.20, -644.71, 2261.39, -644.76, 2261.33,  50,  -5, 294, 0.05
10:08:02.964,   151.20, -645.52, 2261.94, -645.57, 2261.70,  50,   1, 289, 0.05
10:08:03.971,   152.20, -646.43, 2262.49, -646.52, 2262.05,  50,  -1, 291, 0.05
10:08:04.982,   153.20, -647.39, 2262.92, -647.48, 2262.44,  50,   1, 289, 0.06
10:08:05.966,   154.20, -648.48, 2263.29, -648.53, 2262.84,  50,  -1, 291, 0.05
10:08:06.969,   155.20, -649.56, 2263.69, -649.60, 2263.29,  50,  -1, 291, 0.05
10:08:07.965,   156.20, -650.62, 2264.02, -650.62, 2263.71,  50,   0, 289, 0.05
10:08:08.965,   157.20, -651.70, 2264.42, -651.70, 2264.12,  50,   0, 289, 0.05
10:08:09.966,   158.20, -652.67, 2264.82, -652.69, 2264.50,  50,   1, 288, 0.05
10:08:10.966,   159.20, -653.70, 2265.26, -653.72, 2264.90,  50,   1, 288, 0.05
10:08:11.966,   160.20, -654.72, 2265.63, -654.74, 2265.29,  50,   1, 288, 0.05
10:08:12.966,   161.20, -655.72, 2265.99, -655.73, 2265.68,  50,   1, 288, 0.05
10:08:13.972,   162.20, -656.68, 2266.36, -656.70, 2266.08,  50,  -2, 291, 0.05
10:08:14.966,   163.20, -657.70, 2266.75, -657.69, 2266.52,  50,   0, 288, 0.05
10:08:15.966,   164.20, -658.76, 2267.19, -658.74, 2266.93,  50,   0, 288, 0.05
10:08:16.972,   165.20, -658.51, 2266.78, -658.72, 2266.92,  50,   0, 288, 0.05
10:08:17.967,   166.20, -659.75, 2267.52, -659.73, 2267.32,  50,  -1, 289, 0.05
10:08:18.970,   167.20, -660.69, 2267.92, -660.69, 2267.72,  50,  -1, 289, 0.05
10:08:19.966,   168.20, -661.69, 2268.28, -661.66, 2268.13,  50,  -4, 291, 0.05
10:08:20.965,   169.20, -662.71, 2268.58, -662.64, 2268.54,  50,  -1, 288, 0.05
10:08:21.966,   170.20, -663.83, 2268.94, -663.71, 2268.93,  50,   0, 287, 0.05
10:08:22.966,   171.20, -665.03, 2269.19, -664.86, 2269.30,  50,   1, 286, 0.05
10:08:23.965,   172.20, -666.18, 2269.53, -666.02, 2269.64,  50,   2, 285, 0.05
10:08:24.965,   173.20, -667.20, 2269.85, -667.07, 2269.94,  50,   1, 287, 0.05
10:08:25.973,   174.20, -668.17, 2270.15, -668.06, 2270.25,  50,   0, 288, 0.05
10:08:26.965,   175.20, -669.16, 2270.55, -669.06, 2270.59,  50,   0, 288, 0.05
10:08:27.965,   176.20, -670.10, 2270.99, -670.04, 2270.94,  50,   0, 288, 0.05
10:08:28.965,   177.20, -671.12, 2271.38, -671.05, 2271.32,  50,  -1, 288, 0.05
10:08:29.965,   178.20, -672.21, 2271.83, -672.13, 2271.72,  50,   0, 287, 0.05
10:08:30.965,   179.20, -673.23, 2272.22, -673.18, 2272.09,  50,   0, 287, 0.05
10:08:31.966,   180.20, -674.29, 2272.59, -674.22, 2272.47,  50,   1, 286, 0.05
10:08:32.969,   181.20, -675.34, 2272.92, -675.27, 2272.83,  50,   0, 287, 0.05
10:08:33.967,   182.20, -676.34, 2273.36, -676.30, 2273.21,  50,  -1, 287, 0.05
10:08:34.966,   183.20, -677.40, 2273.72, -677.34, 2273.59,  37,  -1, 287, 0.05
10:08:35.965,   184.20, -678.33, 2274.12, -678.26, 2273.95,  37,  -2, 287, 0.05
10:08:36.967,   185.20, -679.39, 2274.45, -679.28, 2274.32,  37,  -2, 286, 0.05
10:08:37.965,   186.20, -680.14, 2274.78, -680.10, 2274.62,  37,  -3, 286, 0.05
10:08:38.967,   187.20, -680.92, 2275.07, -680.89, 2274.91,  37,  -3, 284, 0.05
10:08:39.967,   188.20, -681.65, 2275.29, -681.63, 2275.16,  37,  -2, 282, 0.05
10:08:40.967,   189.20, -682.37, 2275.51, -682.35, 2275.37,  37,  -2, 281, 0.05
10:08:41.969,   190.22, -683.19, 2275.66, -683.14, 2275.58,  50,-134, 280, 0.05
10:08:42.991,   191.23, -684.76, 2275.98, -683.97, 2275.80,  50,-114, 261, 0.05
10:08:43.991,   192.23, -685.51, 2275.98, -684.94, 2275.55,  50, -90, 235, 0.05
10:08:44.996,   193.23, -686.18, 2275.87, -685.52, 2275.29,  50, -66, 209, 0.05
10:08:45.994,   194.23, -686.72, 2275.44, -685.94, 2275.09,  50, -40, 182, 0.05
10:08:46.995,   195.23, -687.05, 2274.78, -686.28, 2274.76,  50, -18, 160, 0.05
10:08:47.998,   196.23, -687.20, 2273.94, -686.39, 2274.23,  50, -10, 148, 0.05
10:08:48.998,   197.23, -686.95, 2273.07, -686.23, 2273.54,  50,  -3, 141, 0.05
10:08:49.998,   198.24, -686.48, 2272.19, -685.84, 2272.75,  50,  -3, 140, 0.05
10:08:50.999,   199.24, -685.93, 2271.20, -685.31, 2271.84,  50,  -1, 138, 0.05
10:08:51.999,   200.24, -685.36, 2270.22, -684.72, 2270.91,  50,  -2, 138, 0.05
10:08:52.999,   201.24, -684.73, 2269.42, -684.15, 2270.02,  50,  -2, 138, 0.05
10:08:54.006,   202.24, -684.18, 2268.62, -683.61, 2269.18,  50,  -2, 138, 0.05
10:08:55.006,   203.24, -683.58, 2267.78, -683.05, 2268.30,  50,  -3, 139, 0.05
10:08:56.005,   204.24, -683.03, 2266.90, -682.51, 2267.42,  50,  -3, 138, 0.05
10:08:57.005,   205.24, -682.43, 2266.02, -681.95, 2266.54,  50,  -1, 136, 0.05
10:08:58.005,   206.24, -681.65, 2265.22, -681.31, 2265.64,  50,  -1, 136, 0.05
10:08:59.005,   207.24, -680.90, 2264.38, -680.64, 2264.73,  50,  -1, 136, 0.05
10:09:00.011,   208.24, -680.24, 2263.54, -680.01, 2263.84,  50,  -3, 137, 0.05
10:09:01.017,   209.25, -679.54, 2262.63, -679.35, 2262.91,  50,  -2, 136, 0.05
10:09:02.021,   210.25, -678.96, 2261.76, -678.74, 2262.05,  50,  -1, 135, 0.05
10:09:03.014,   211.25, -678.33, 2260.88, -678.11, 2261.18,  50,  -1, 135, 0.05
10:09:04.014,   212.25, -677.70, 2260.04, -677.50, 2260.31,  50,  -2, 136, 0.05
10:09:05.015,   213.25, -677.04, 2259.16, -676.87, 2259.41,  50,  -3, 136, 0.05
10:09:06.023,   214.26, -676.37, 2258.25, -676.23, 2258.49,  50,  -3, 136, 0.05
10:09:07.022,   215.26, -675.77, 2257.42, -675.63, 2257.63,  50,  -1, 134, 0.05
10:09:08.024,   216.26, -675.08, 2256.47, -674.95, 2256.70,  50,  -3, 135, 0.05
10:09:09.022,   217.26, -674.47, 2255.67, -674.35, 2255.86,  50,  -2, 134, 0.05
10:09:10.030,   218.26, -673.81, 2254.87, -673.73, 2255.03,  50,  -1, 133, 0.05
10:09:11.024,   219.26, -673.12, 2254.02, -673.07, 2254.17,  50,  -1, 133, 0.05
10:09:12.021,   220.26, -672.48, 2253.18, -672.43, 2253.33,  50,  -1, 133, 0.05
10:09:13.022,   221.26, -671.73, 2252.34, -671.74, 2252.46,  50,  -2, 134, 0.05
10:09:14.021,   222.26, -671.06, 2251.54, -671.09, 2251.62,  50,  -1, 133, 0.05
10:09:15.032,   223.26, -670.34, 2250.74, -670.42, 2250.79,  50,  -1, 133, 0.05
10:09:16.023,   224.26, -669.71, 2249.94, -669.76, 2249.99,  50,  -1, 133, 0.05
10:09:17.025,   225.26, -669.01, 2249.10, -669.08, 2249.15,  50,   0, 132, 0.05
10:09:18.022,   226.26, -668.29, 2248.30, -668.39, 2248.33,  50,   3, 133, 0.05
10:09:19.021,   227.26, -667.57, 2247.49, -667.70, 2247.50,  50,   0, 136, 0.05
10:09:20.022,   228.26, -666.90, 2246.62, -667.04, 2246.63,  50,  -1, 137, 0.05
10:09:21.022,   229.26, -666.24, 2245.75, -666.39, 2245.75,  50,  -1, 137, 0.05
10:09:22.021,   230.26, -665.67, 2244.86, -665.77, 2244.90,  50,  -1, 137, 0.05
10:09:23.022,   231.26, -665.03, 2244.02, -665.14, 2244.04,  50,  -2, 137, 0.05
10:09:24.029,   232.26, -664.31, 2243.22, -664.49, 2243.20,  50,  -1, 136, 0.05
10:09:25.021,   233.26, -663.65, 2242.35, -663.82, 2242.34,  50,  -1, 136, 0.05
10:09:26.022,   234.26, -662.92, 2241.58, -663.14, 2241.52,  50,  -1, 136, 0.05
10:09:27.021,   235.26, -662.23, 2240.78, -662.46, 2240.70,  50,  -1, 136, 0.05
10:09:28.026,   236.26, -661.51, 2239.98, -661.77, 2239.89,  50,  -1, 136, 0.05
10:09:29.031,   237.26, -660.81, 2239.10, -661.05, 2239.03,  50,   0, 136, 0.05
10:09:30.026,   238.26, -660.15, 2238.19, -660.34, 2238.17,  50,  -2, 138, 0.05
10:09:31.025,   239.26, -659.49, 2237.36, -659.68, 2237.32,  50,  -2, 137, 0.05
10:09:32.024,   240.26, -658.82, 2236.47, -658.99, 2236.47,  50,  -2, 137, 0.05
10:09:33.024,   241.26, -658.19, 2235.60, -658.31, 2235.62,  37,  -1, 136, 0.05
10:09:34.022,   242.26, -657.49, 2234.72, -657.64, 2234.79,  37,  -1, 136, 0.05
10:09:35.023,   243.26, -657.04, 2234.10, -657.11, 2234.14,  37,  -2, 137, 0.05
10:09:36.023,   244.26, -656.53, 2233.52, -656.62, 2233.53,  37,  -2, 137, 0.05
10:09:37.022,   245.26, -655.98, 2232.98, -656.13, 2232.94,  37,  -1, 136, 0.05
10:09:38.021,   246.26, -655.38, 2232.39, -655.59, 2232.32,  37,   0, 136, 0.05
10:09:39.021,   247.26, -654.93, 2231.77, -655.08, 2231.73,  37,   1, 136, 0.05
10:09:40.025,   248.28, -654.45, 2231.15, -654.57, 2231.14,  50,  27, 138, 0.05
10:09:41.050,   249.28, -653.93, 2230.45, -653.93, 2230.57,  50,  13, 152, 0.05
10:09:42.053,   250.28, -653.36, 2229.88, -653.54, 2229.85,  50,   4, 161, 0.05
10:09:43.045,   251.28, -653.03, 2228.96, -653.24, 2228.96,  50,  -1, 166, 0.05
10:09:44.045,   252.28, -652.76, 2227.94, -652.98, 2227.96,  50,  -1, 166, 0.05
10:09:45.045,   253.28, -652.58, 2226.92, -652.72, 2226.96,  50,  -1, 166, 0.05
10:09:46.045,   254.28, -652.31, 2225.86, -652.45, 2225.92,  50,   0, 165, 0.05
10:09:47.049,   255.28, -652.10, 2224.80, -652.17, 2224.87,  50,  -1, 166, 0.05
10:09:48.053,   256.28, -651.89, 2223.68, -651.90, 2223.78,  50,  -1, 166, 0.05
10:09:49.054,   257.28, -651.67, 2222.61, -651.64, 2222.72,  50,  -1, 166, 0.05
10:09:50.046,   258.28, -651.49, 2221.59, -651.40, 2221.69,  50,  -2, 167, 0.05
10:09:51.045,   259.28, -651.37, 2220.57, -651.19, 2220.69,  50,  -1, 166, 0.05
10:09:52.045,   260.28, -651.22, 2219.48, -650.97, 2219.63,  50,  -1, 166, 0.05
10:09:53.044,   261.28, -650.98, 2218.42, -650.75, 2218.57,  50,  -2, 166, 0.05
10:09:54.044,   262.28, -650.83, 2217.32, -650.54, 2217.49,  50,  -2, 166, 0.05
10:09:55.044,   263.28, -650.56, 2216.27, -650.33, 2216.42,  50,   0, 164, 0.05
10:09:56.044,   264.28, -650.31, 2215.24, -650.10, 2215.39,  50,   0, 164, 0.05
10:09:57.044,   265.28, -650.80, 2214.42, -650.04, 2214.61,  50,  -2, 165, 0.05
10:09:58.051,   266.28, -650.80, 2213.19, -649.95, 2213.49,  50,  -2, 165, 0.05
10:09:59.048,   267.28, -649.84, 2212.98, -649.83, 2212.92,  50,  -2, 165, 0.05
10:10:00.045,   268.28, -649.59, 2212.03, -649.63, 2212.06,  50,  -1, 163, 0.05
10:10:01.056,   269.28, -649.41, 2210.94, -649.38, 2211.03,  50,  -1, 163, 0.05
10:10:02.046,   270.28, -649.14, 2209.81, -649.11, 2209.93,  50,  -1, 163, 0.05
10:10:03.054,   271.28, -648.90, 2208.86, -648.87, 2208.94,  50,  -2, 164, 0.05
10:10:04.054,   272.28, -648.78, 2207.73, -648.65, 2207.86,  50,   0, 162, 0.05
10:10:05.045,   273.28, -648.65, 2206.67, -648.43, 2206.82,  50,  -2, 163, 0.05
10:10:06.051,   274.28, -648.39, 2205.62, -648.21, 2205.75,  50,  -2, 163, 0.05
10:10:07.045,   275.28, -648.14, 2204.59, -648.00, 2204.72,  50,  -1, 162, 0.05
10:10:08.045,   276.28, -647.99, 2203.53, -647.78, 2203.67,  50,  -3, 163, 0.05
10:10:09.049,   277.28, -647.73, 2202.48, -647.57, 2202.61,  50,  -1, 161, 0.05
10:10:10.045,   278.28, -647.39, 2201.45, -647.31, 2201.56,  50,  -1, 160, 0.05
10:10:11.045,   279.28, -647.12, 2200.47, -647.05, 2200.57,  50,  -1, 160, 0.05
10:10:12.047,   280.28, -646.79, 2199.45, -646.78, 2199.54,  50,  -2, 161, 0.05
10:10:13.047,   281.28, -646.39, 2198.32, -646.47, 2198.42,  50,   0, 159, 0.05
10:10:14.044,   282.28, -646.09, 2197.26, -646.14, 2197.35,  50,   0, 159, 0.05
10:10:15.046,   283.28, -645.71, 2196.23, -645.81, 2196.30,  50,  -2, 160, 0.05
10:10:16.049,   284.28, -645.34, 2195.14, -645.48, 2195.21,  50,  -1, 159, 0.05
10:10:17.045,   285.28, -645.07, 2194.09, -645.15, 2194.16,  50,  -1, 159, 0.05
10:10:18.045,   286.28, -644.83, 2193.13, -644.85, 2193.20,  50,   0, 158, 0.05
10:10:19.045,   287.28, -644.13, 2191.13, -644.29, 2191.42,  50,  -2, 160, 0.05
10:10:20.054,   288.28, -643.80, 2190.11, -643.92, 2190.22,  50,   0, 158, 0.05
10:10:21.056,   289.28, -643.47, 2189.16, -643.57, 2189.22,  50,  -1, 159, 0.05
10:10:22.045,   290.28, -643.14, 2188.03, -643.22, 2188.12,  50,  -1, 159, 0.05
10:10:23.044,   291.28, -642.77, 2186.93, -642.87, 2187.02,  37,  -2, 160, 0.05
10:10:24.044,   292.28, -642.45, 2185.81, -642.54, 2185.95,  37,  -1, 159, 0.05
10:10:25.045,   293.28, -642.17, 2185.01, -642.26, 2185.08,  37,   0, 158, 0.05
10:10:26.044,   294.28, -641.94, 2184.24, -641.99, 2184.30,  37,   1, 157, 0.05
10:10:27.044,   295.28, -641.72, 2183.44, -641.72, 2183.51,  37,  -1, 159, 0.05
10:10:28.045,   296.28, -641.57, 2182.59, -641.49, 2182.70,  37,  -3, 160, 0.05
10:10:29.044,   297.28, -641.39, 2181.82, -641.28, 2181.93,  37,  -4, 159, 0.05
10:10:30.050,   298.30, -641.21, 2181.14, -641.09, 2181.22,  50,-142, 158, 0.05
10:10:31.068,   299.30, -640.94, 2180.48, -640.91, 2180.41,  50,-124, 140, 0.05
10:10:32.065,   300.30, -640.60, 2179.82, -640.49, 2179.85,  50,-101, 116, 0.05
10:10:33.065,   301.30, -640.13, 2179.27, -640.00, 2179.53,  50, -79,  94, 0.05
10:10:34.065,   302.30, -639.52, 2179.02, -639.49, 2179.36,  50, -53,  68, 0.05
10:10:35.066,   303.30, -638.77, 2179.02, -638.93, 2179.39,  50, -32,  44, 0.05
10:10:36.066,   304.30, -638.13, 2179.31, -638.44, 2179.63,  50, -17,  26, 0.05
10:10:37.066,   305.30, -637.62, 2179.82, -638.05, 2180.05,  50,  -7,  15, 0.05
10:10:38.066,   306.30, -637.29, 2180.52, -637.76, 2180.66,  50,  -3,  11, 0.05
10:10:39.066,   307.30, -637.04, 2181.46, -637.49, 2181.51,  50,  -1,   9, 0.05
10:10:40.067,   308.30, -636.96, 2182.59, -637.26, 2182.55,  50,   0,   8, 0.05
10:10:41.095,   309.30, -636.78, 2183.73, -637.05, 2183.67,  50,   0,   8, 0.05
10:10:42.069,   310.30, -636.63, 2184.93, -636.84, 2184.84,  50,   0,   8, 0.05
10:10:43.068,   311.30, -636.42, 2186.06, -636.62, 2185.98,  50,  -1,   9, 0.05
10:10:44.074,   312.30, -636.23, 2187.08, -636.41, 2187.03,  50,   2,   9, 0.05
10:10:45.069,   313.30, -636.08, 2188.11, -636.20, 2188.05,  50,   0,  11, 0.05
10:10:46.065,   314.30, -635.87, 2189.16, -635.96, 2189.09,  50,  -2,  13, 0.05
10:10:47.067,   315.30, -635.69, 2190.26, -635.70, 2190.16,  50,   0,  11, 0.05
10:10:48.065,   316.30, -635.48, 2191.28, -635.48, 2191.20,  50,  -1,  12, 0.05
10:10:49.065,   317.30, -635.23, 2192.33, -635.24, 2192.24,  50,  -1,  12, 0.05
10:10:50.072,   318.30, -634.97, 2193.32, -635.00, 2193.25,  50,  -2,  13, 0.05
10:10:51.067,   319.30, -634.72, 2194.34, -634.74, 2194.26,  50,  -1,  12, 0.05
10:10:52.065,   320.30, -634.48, 2195.40, -634.50, 2195.32,  50,  -1,  12, 0.05
10:10:53.065,   321.30, -634.25, 2196.46, -634.25, 2196.37,  50,  -1,  12, 0.05
10:10:54.066,   322.30, -634.03, 2197.48, -634.02, 2197.40,  50,   0,  11, 0.05
10:10:55.068,   323.30, -633.82, 2198.53, -633.80, 2198.44,  50,  -1,  12, 0.05
10:10:56.067,   324.30, -633.61, 2199.60, -633.57, 2199.50,  50,  -1,  12, 0.05
10:10:57.066,   325.30, -633.31, 2200.69, -633.32, 2200.59,  50,  -1,  12, 0.05
10:10:58.066,   326.30, -633.10, 2201.82, -633.08, 2201.71,  50,   0,  11, 0.05
10:10:59.068,   327.30, -632.91, 2202.91, -632.86, 2202.80,  50,  -2,  13, 0.05
10:11:00.065,   328.30, -632.74, 2203.90, -632.64, 2203.80,  50,  -1,  12, 0.05
10:11:01.066,   329.30, -632.52, 2204.85, -632.44, 2204.77,  50,   0,  12, 0.05
10:11:02.067,   330.30, -632.31, 2205.90, -632.23, 2205.80,  50,  -1,  13, 0.05
10:11:03.067,   331.30, -632.07, 2206.92, -632.00, 2206.83,  50,  -1,  13, 0.05
10:11:04.067,   332.30, -631.80, 2208.02, -631.76, 2207.91,  50,  -1,  13, 0.05
10:11:05.065,   333.30, -631.53, 2209.11, -631.51, 2209.00,  50,  -2,  14, 0.05
10:11:06.066,   334.30, -631.23, 2210.21, -631.24, 2210.10,  50,  -1,  13, 0.05
10:11:07.066,   335.30, -630.99, 2211.19, -631.00, 2211.12,  50,   0,  12, 0.05
10:11:08.066,   336.30, -630.74, 2212.21, -630.78, 2212.14,  50,   0,  12, 0.05
10:11:09.066,   337.30, -630.50, 2213.38, -630.52, 2213.27,  50,  -1,  14, 0.05
10:11:10.072,   338.30, -630.18, 2214.47, -630.23, 2214.38,  50,  -3,  15, 0.05
10:11:11.065,   339.30, -629.87, 2215.50, -629.94, 2215.42,  50,  -2,  14, 0.05
10:11:12.065,   340.30, -629.57, 2216.52, -629.67, 2216.46,  50,   0,  12, 0.05
10:11:13.066,   341.30, -629.35, 2217.47, -629.43, 2217.43,  50,  -1,  13, 0.05
10:11:14.067,   342.30, -629.12, 2218.53, -629.18, 2218.46,  50,   0,  12, 0.05
10:11:15.066,   343.30, -628.84, 2219.55, -628.93, 2219.49,  50,  -2,  15, 0.05
10:11:16.066,   344.30, -628.63, 2220.49, -628.66, 2220.44,  50,  -2,  14, 0.05
10:11:17.068,   345.30, -628.30, 2221.41, -628.40, 2221.37,  50,  -2,  14, 0.05
10:11:18.067,   346.30, -628.03, 2222.36, -628.13, 2222.32,  50,  -1,  13, 0.05
10:11:19.065,   347.30, -627.79, 2223.38, -627.87, 2223.32,  50,   1,  11, 0.05
10:11:20.065,   348.30, -627.73, 2224.40, -627.67, 2224.32,  50,  -1,  13, 0.05
10:11:21.066,   349.30, -627.52, 2225.53, -627.44, 2225.41,  50,   1,  12, 0.05
10:11:22.065,   350.30, -627.28, 2226.70, -627.19, 2226.56,  50,  -1,  14, 0.05
10:11:23.065,   351.30, -627.07, 2227.79, -626.94, 2227.65,  50,   1,  13, 0.05
10:11:24.067,   352.30, -626.77, 2228.92, -626.69, 2228.79,  37,   1,  14, 0.05
10:11:25.069,   353.30, -626.43, 2229.98, -626.43, 2229.83,  37,  -1,  16, 0.05
10:11:26.069,   354.30, -626.22, 2230.82, -626.18, 2230.71,  37,  -1,  16, 0.05
10:11:27.070,   355.30, -626.01, 2231.55, -625.98, 2231.47,  37,   1,  15, 0.05
10:11:28.069,   356.30, -625.80, 2232.25, -625.78, 2232.19,  37,   0,  16, 0.05
10:11:29.067,   357.30, -625.62, 2233.01, -625.58, 2232.94,  37,   1,  16, 0.05
10:11:30.068,   358.30, -625.37, 2233.74, -625.37, 2233.68,   0,   0,  17, 0.05
10:11:31.037,   359.30, -625.11, 2234.47, -625.37, 2233.68,   0,   0,  17, 0.05
10:11:32.037,   360.30, -625.11, 2234.44, -625.37, 2233.68,   0,   0,  17, 0.05
10:11:33.037,   361.30, -625.13, 2234.44, -625.37, 2233.68,   0,   0,  17, 0.05
10:11:34.037,   362.30, -625.13, 2234.44, -625.37, 2233.68,   0,   0,  17, 0.05
10:11:35.037,   363.30, -625.11, 2234.44, -625.37, 2233.68,   0,   0,  17, 0.05
10:11:36.037,   364.30, -625.11, 2234.44, -625.37, 2233.68,   0,   0,  17, 0.05
10:11:37.037,   365.30, -625.13, 2234.44, -625.37, 2233.68,   0,   0,  17, 0.05
10:11:38.037,   366.30, -625.11, 2234.44, -625.37, 2233.68,   0,   0,  17, 0.05
10:11:39.037,   367.30, -625.11, 2234.44, -625.37, 2233.68,   0,   0,  17, 0.05
10:11:40.037,   368.30, -625.11, 2234.44, -625.37, 2233.68,   0,   0,  17, 0.05
10:11:41.037,   369.30, -625.13, 2234.44, -625.37, 2233.68,  30,   0,  17, 0.05
10:11:42.037,   370.30, -625.13, 2234.44, -625.37, 2233.68,  30,   6,  18, 0.05
10:11:43.037,   371.30, -624.98, 2234.80, -625.37, 2233.68,  30,  12,  22, 0.05
10:11:44.037,   372.30, -624.81, 2235.38, -625.37, 2233.68,  30,  12,  31, 0.05
10:11:45.037,   373.30, -624.60, 2235.86, -625.37, 2233.68,  30,  12,  38, 0.05
10:11:46.037,   374.30, -624.38, 2236.33, -625.37, 2233.68,  30,  12,  46, 0.05
10:11:47.037,   375.30, -624.08, 2236.77, -625.37, 2233.68,  30,  12,  54, 0.05
10:11:48.037,   376.30, -623.72, 2237.20, -625.37, 2233.68,  30,  12,  62, 0.05
10:11:49.037,   377.30, -623.30, 2237.61, -625.37, 2233.68,  30,  12,  69, 0.05
10:11:50.037,   378.30, -622.85, 2237.93, -625.37, 2233.68,  30,  12,  77, 0.05
10:11:51.037,   379.30, -622.33, 2238.19, -625.37, 2233.68,  30,  12,  85, 0.05
10:11:52.038,   380.30, -621.76, 2238.41, -625.37, 2233.68,  30,  12,  92, 0.05
10:11:53.131,   381.40, -621.19, 2238.48, -625.37, 2233.68,  30,   0,  99, 0.05
10:11:54.131,   382.40, -620.58, 2238.55, -625.37, 2233.68,  30,   0, 101, 0.05
10:11:55.131,   383.40, -619.40, 2238.37, -625.37, 2233.68,  30,   0, 101, 0.05
10:11:56.131,   384.40, -618.77, 2238.19, -625.37, 2233.68,  30,   0, 101, 0.05
10:11:57.131,   385.40, -618.08, 2238.00, -625.37, 2233.68,  30,   0, 101, 0.05
10:11:58.131,   386.40, -617.42, 2237.79, -625.37, 2233.68,  30,   0, 102, 0.05
10:11:59.131,   387.40, -616.78, 2237.57, -625.37, 2233.68,  30,   0, 102, 0.06
10:12:00.131,   388.40, -616.21, 2237.43, -625.37, 2233.68,  30,   0, 103, 0.06
10:12:01.131,   389.40, -615.63, 2237.20, -625.37, 2233.68,  30,   0, 104, 0.06
10:12:02.131,   390.40, -614.97, 2237.02, -625.37, 2233.68,  30,   0, 105, 0.06
10:12:03.132,   391.40, -614.34, 2236.84, -625.37, 2233.68,  30,   0, 106, 0.06
10:12:04.132,   392.40, -613.74, 2236.70, -625.37, 2233.68,  30,   0, 107, 0.05
10:12:05.132,   393.40, -613.10, 2236.47, -625.37, 2233.68,  30,   0, 107, 0.05
10:12:06.132,   394.40, -612.50, 2236.29, -625.37, 2233.68,  30,   0, 108, 0.05
10:12:07.132,   395.40, -611.86, 2236.08, -625.37, 2233.68,  30,   0, 109, 0.05
10:12:08.132,   396.40, -611.23, 2235.90, -625.37, 2233.68,  30,   0, 109, 0.05
10:12:09.132,   397.40, -610.60, 2235.67, -625.37, 2233.68,  30,   6, 112, 0.05
10:12:10.132,   398.40, -610.05, 2235.45, -625.37, 2233.68,  30,   6, 116, 0.05
10:12:11.141,   399.41, -609.54, 2235.24, -625.37, 2233.68,  30,  12, 120, 0.05
10:12:12.141,   400.41, -609.03, 2234.98, -625.37, 2233.68,  30,  12, 128, 0.05
10:12:13.141,   401.41, -608.58, 2234.65, -625.37, 2233.68,  30,  12, 136, 0.05
10:12:14.141,   402.41, -608.16, 2234.28, -625.37, 2233.68,  30,   6, 143, 0.05
10:12:15.141,   403.41, -607.73, 2233.81, -625.37, 2233.68,  30,   6, 148, 0.05
10:12:16.141,   404.41, -607.34, 2233.30, -625.37, 2233.68,  30,   6, 152, 0.05
10:12:17.141,   405.41, -606.98, 2232.75, -625.37, 2233.68,  30,   0, 154, 0.05
10:12:18.141,   406.41, -606.62, 2232.14, -625.37, 2233.68,  30,   0, 152, 0.05
10:12:19.141,   407.41, -606.32, 2231.48, -625.37, 2233.68,  30,   0, 153, 0.05
10:12:20.141,   408.41, -606.05, 2230.82, -625.37, 2233.68,  30,   6, 157, 0.05
10:12:21.141,   409.41, -605.81, 2230.24, -625.37, 2233.68,  30,   6, 162, 0.05
10:12:22.141,   410.41, -605.66, 2229.69, -625.37, 2233.68,  30,   6, 167, 0.05
10:12:23.141,   411.41, -605.47, 2229.18, -625.37, 2233.68,   0,   0, 172, 0.05
10:12:24.141,   412.41, -605.38, 2229.07, -625.37, 2233.68,  20,   0, 173, 0.05
10:12:25.141,   413.41, -605.35, 2229.04, -625.37, 2233.68,  20,   0, 172, 0.05
10:12:26.141,   414.41, -605.30, 2228.70, -625.37, 2233.68,  20,   0, 171, 0.05
10:12:27.141,   415.41, -605.23, 2228.31, -625.37, 2233.68,  20,   0, 171, 0.05
10:12:28.141,   416.41, -605.23, 2227.87, -625.37, 2233.68,  20,   1, 172, 0.05
10:12:29.141,   417.41, -605.08, 2227.42, -625.37, 2233.68,  20,   6, 174, 0.05
10:12:30.141,   418.41, -605.05, 2227.03, -625.37, 2233.68,  20,   6, 177, 0.05
10:12:31.141,   419.41, -605.08, 2226.59, -625.37, 2233.68,  20,  12, 181, 0.05
10:12:32.141,   420.41, -605.08, 2226.23, -625.37, 2233.68,  20,  12, 185, 0.05
10:12:33.141,   421.41, -605.08, 2225.89, -625.37, 2233.68,  20,  12, 191, 0.05
10:12:34.141,   422.41, -605.11, 2225.46, -625.37, 2233.68,  20,  12, 196, 0.05
10:12:35.141,   423.41, -605.20, 2225.05, -625.37, 2233.68,  20,  12, 200, 0.05
10:12:36.141,   424.41, -605.32, 2224.77, -625.37, 2233.68,  20,   0, 203, 0.05
10:12:37.142,   425.41, -605.50, 2224.40, -625.37, 2233.68,  20,   0, 203, 0.05
10:12:38.142,   426.41, -605.71, 2223.96, -625.37, 2233.68,  20,   0, 203, 0.05
10:12:39.142,   427.41, -605.86, 2223.56, -625.37, 2233.68,  20,   0, 203, 0.05
10:12:40.142,   428.41, -606.07, 2223.16, -625.37, 2233.68,  20,   0, 204, 0.05
10:12:41.142,   429.41, -606.26, 2222.72, -625.37, 2233.68,  20,   0, 204, 0.05
10:12:42.142,   430.41, -606.50, 2222.29, -625.37, 2233.68,   0,   0, 204, 0.05
10:12:43.142,   431.41, -606.50, 2222.25, -625.37, 2233.68,   0,   0, 204, 0.05
10:12:44.142,   432.41, -606.50, 2222.25, -625.37, 2233.68,   0,   0, 204, 0.05
10:12:45.142,   433.41, -606.50, 2222.29, -625.37, 2233.68,   0,   0, 204, 0.05
10:12:46.142,   434.41, -606.50, 2222.29, -625.37, 2233.68,   0,   0, 204, 0.05
10:12:47.142,   435.41, -606.50, 2222.29, -625.37, 2233.68,   0,   0, 204, 0.05
10:12:48.142,   436.41, -606.53, 2222.32, -625.37, 2233.68,   0,   0, 205, 0.05
10:12:49.142,   437.41, -606.50, 2222.36, -625.37, 2233.68,   0,   0, 200, 0.05
10:12:50.142,   438.41, -606.20, 2222.68, -625.37, 2233.68,   0,   0, 137, 0.05
10:12:51.142,   439.41, -604.99, 2222.03, -625.37, 2233.68,   0,   0, 111, 0.05
10:12:52.142,   440.41, -604.15, 2221.41, -625.37, 2233.68,   0,   0, 110, 0.05
10:12:53.142,   441.41, -604.26, 2221.33, -625.37, 2233.68,   0,   0, 110, 0.05
10:12:54.142,   442.41, -604.24, 2221.33, -625.37, 2233.68,   0,   0, 110, 0.05
10:12:55.142,   443.41, -604.24, 2221.33, -625.37, 2233.68,   0,   0, 110, 0.05
10:12:56.142,   444.41, -604.24, 2221.33, -625.37, 2233.68,   0,   0, 110, 0.05
10:12:57.142,   445.41, -604.24, 2221.33, -625.37, 2233.68,   0,   0, 110, 0.05
10:12:58.142,   446.41, -604.26, 2221.38, -625.37, 2233.68,   0,   0, 110, 0.05
10:12:59.142,   447.41, -604.26, 2221.38, -625.37, 2233.68,   0,   0, 110, 0.05
10:13:00.142,   448.41, -604.26, 2221.38, -625.37, 2233.68,   0,   0, 110, 0.05
10:13:01.142,   449.41, -604.26, 2221.38, -625.37, 2233.68,   0,   0, 110, 0.05
10:13:02.142,   450.41, -604.26, 2221.38, -625.37, 2233.68,   0,   0, 110, 0.05
10:13:03.142,   451.41, -604.26, 2221.38, -625.37, 2233.68,   0,   0, 110, 0.05
10:13:04.142,   452.41, -604.26, 2221.38, -625.37, 2233.68,   0,   0, 110, 0.05
