11:31:43.364,     1.00, -604.26, 2221.33,    0.00,    0.00,   0,   0,  88, 0.05
11:31:44.375,     2.00, -604.26, 2221.33,    0.00,    0.00,   0,   0,  88, 0.05
11:31:45.375,     3.00, -604.26, 2221.33,    0.00,    0.00,   0,   0,  88, 0.05
11:31:46.376,     4.00, -604.26, 2221.33,    0.00,    0.00,   0,   0,  88, 0.05
11:31:47.376,     5.00, -604.26, 2221.33,    0.00,    0.00,   0,   0,  88, 0.05
11:31:48.375,     6.00, -604.26, 2221.33,    0.00,    0.00,   0,   0,  88, 0.05
11:31:49.375,     7.00, -604.26, 2221.33,    0.00,    0.00,   0,   0,  88, 0.05
11:31:50.375,     8.00, -604.24, 2221.33,    0.00,    0.00,   0,   0,  88, 0.05
11:31:51.375,     9.00, -604.26, 2221.33,    0.00,    0.00,   0,   0,  88, 0.05
11:31:52.376,    10.00, -604.26, 2221.33,    0.00,    0.00,   0,   0,  88, 0.05
11:31:53.376,    11.00, -604.26, 2221.33,    0.00,    0.00,   0,   0,  88, 0.05
11:31:54.376,    12.00, -604.26, 2221.33,    0.00,    0.00,   0,   0,  88, 0.05
11:31:55.376,    13.00, -604.26, 2221.33,    0.00,    0.00,   0,   0,  88, 0.05
11:31:56.376,    14.00, -604.26, 2221.33,    0.00,    0.00,   0,   0,  88, 0.05
11:31:57.376,    15.00, -604.26, 2221.33,    0.00,    0.00,   0,   0,  88, 0.05
11:31:58.376,    16.00, -604.26, 2221.33,    0.00,    0.00,   0,   0,  88, 0.05
11:31:59.376,    17.00, -604.26, 2221.33,    0.00,    0.00,   0,   0,  88, 0.05
11:32:00.376,    18.00, -604.26, 2221.33,    0.00,    0.00,   0,   0,  88, 0.05
11:32:01.376,    19.00, -604.26, 2221.33,    0.00,    0.00,   0,   0,  88, 0.05
11:32:02.376,    20.00, -604.24, 2221.33,    0.00,    0.00,   0,   0,  88, 0.05
11:32:03.376,    21.00, -604.26, 2221.33,    0.00,    0.00,   0,   0,  88, 0.05
11:32:04.377,    22.00, -604.26, 2221.33,    0.00,    0.00,   0,   0,  88, 0.05
11:32:05.376,    23.00, -604.26, 2221.33,    0.00,    0.00,   0,   0,  88, 0.05
11:32:06.376,    24.00, -604.26, 2221.33,    0.00,    0.00,   0,   0,  88, 0.05
11:32:07.376,    25.00, -604.24, 2221.33,    0.00,    0.00,   0,   0,  88, 0.05
11:32:08.376,    26.00, -604.24, 2221.33,    0.00,    0.00,   0,   0,  88, 0.05
11:32:09.376,    27.00, -604.26, 2221.33,    0.00,    0.00,   0,   0,  88, 0.05
11:32:10.376,    28.00, -604.26, 2221.33,    0.00,    0.00,   0,   0,  88, 0.05
11:32:11.376,    29.00, -604.26, 2221.33,    0.00,    0.00,   0,   0,  88, 0.05
11:32:12.377,    30.00, -604.26, 2221.33,    0.00,    0.00,   0,   0,  88, 0.05
11:32:13.376,    31.00, -604.26, 2221.33,    0.00,    0.00,   0,   0,  88, 0.05
11:32:14.376,    32.00, -604.26, 2221.33,    0.00,    0.00,   0,   0,  88, 0.05
11:32:15.376,    33.00, -604.26, 2221.33,    0.00,    0.00,   0,   0,  88, 0.05
11:32:16.377,    34.00, -604.26, 2221.33,    0.00,    0.00,   0,   0,  88, 0.05
11:32:17.377,    35.00, -604.26, 2221.33,    0.00,    0.00,   0,   0,  88, 0.05
11:32:18.376,    36.00, -604.24, 2221.33,    0.00,    0.00,   0,   0,  88, 0.05
11:32:19.376,    37.00, -604.24, 2221.33,    0.00,    0.00,   0,   0,  88, 0.05
11:32:20.377,    38.00, -604.24, 2221.33,    0.00,    0.00,   0,   0,  88, 0.05
11:32:21.376,    39.00, -604.24, 2221.33,    0.00,    0.00,   0,   0,  88, 0.05
11:32:22.377,    40.00, -604.26, 2221.33,    0.00,    0.00,   0,   0,  88, 0.05
11:32:23.377,    41.00, -604.26, 2221.33,    0.00,    0.00,   0,   0,  88, 0.05
11:32:24.377,    42.00, -604.26, 2221.33,    0.00,    0.00,   0,   0,  88, 0.05
11:32:25.377,    43.00, -604.26, 2221.33,    0.00,    0.00,   0,   0,  88, 0.05
11:32:26.376,    44.00, -604.24, 2221.33,    0.00,    0.00,   0,   0,  88, 0.05
11:32:27.378,    45.00, -604.26, 2221.33,    0.00,    0.00,   0,   0,  88, 0.05
11:32:28.376,    46.00, -604.26, 2221.33,    0.00,    0.00,   0,   0,  88, 0.05
11:32:29.377,    47.00, -604.26, 2221.33,    0.00,    0.00,   0,   0,  88, 0.05
11:32:30.377,    48.00, -604.26, 2221.33,    0.00,    0.00,   0,   0,  88, 0.05
11:32:31.376,    49.00, -604.24, 2221.33,    0.00,    0.00,   0,   0,  88, 0.05
11:32:32.377,    50.00, -604.26, 2221.33,    0.00,    0.00,   0,   0,  88, 0.05
11:32:33.376,    51.00, -604.24, 2221.33,    0.00,    0.00,   0,   0,  88, 0.05
11:32:34.377,    52.00, -604.24, 2221.33,    0.00,    0.00,   0,   0,  88, 0.05
11:32:35.377,    53.00, -604.24, 2221.33,    0.00,    0.00,   0,   0,  88, 0.05
11:32:36.377,    54.00, -604.24, 2221.33,    0.00,    0.00,   0,   0,  88, 0.05
11:32:37.376,    55.00, -604.24, 2221.33,    0.00,    0.00,   0,   0,  88, 0.05
11:32:38.376,    56.00, -604.24, 2221.33,    0.00,    0.00,   0,   0,  88, 0.05
11:32:39.376,    57.00, -604.24, 2221.33,    0.00,    0.00,   0,   0,  88, 0.05
11:32:40.376,    58.00, -604.24, 2221.33,    0.00,    0.00,   0,   0,  88, 0.05
11:32:41.377,    59.00, -604.24, 2221.33,    0.00,    0.00,   0,   0,  88, 0.05
11:32:42.377,    60.00, -604.24, 2221.33,    0.00,    0.00,   0,   0,  88, 0.05
11:32:43.376,    61.00, -604.24, 2221.33,    0.00,    0.00,   0,   0,  88, 0.05
11:32:44.377,    62.00, -604.24, 2221.33,    0.00,    0.00,   0,   0,  88, 0.05
11:32:45.376,    63.00, -604.24, 2221.33,    0.00,    0.00,   0,   0,  88, 0.05
11:32:46.377,    64.00, -604.24, 2221.33,    0.00,    0.00,   0,   0,  88, 0.05
11:32:47.377,    65.00, -604.26, 2221.33,    0.00,    0.00,   0,   0,  88, 0.05
11:32:48.377,    66.00, -604.26, 2221.33,    0.00,    0.00,   0,   0,  88, 0.05
11:32:49.377,    67.00, -604.24, 2221.33,    0.00,    0.00,   0,   0,  88, 0.05
11:32:50.377,    68.00, -604.24, 2221.33,    0.00,    0.00,   0,   0,  88, 0.05
11:32:51.377,    69.00, -604.24, 2221.33,    0.00,    0.00,   0,   0,  88, 0.05
11:32:52.377,    70.00, -604.24, 2221.30,    0.00,    0.00,   0,   0,  88, 0.05
11:32:53.377,    71.00, -604.24, 2221.33,    0.00,    0.00,   0,   0,  88, 0.05
11:32:54.378,    72.00, -604.24, 2221.33,    0.00,    0.00,   0,   0,  88, 0.05
11:32:55.377,    73.00, -604.24, 2221.33,    0.00,    0.00,   0,   0,  88, 0.05
11:32:56.378,    74.00, -604.24, 2221.33,    0.00,    0.00,   0,   0,  88, 0.05
11:32:57.377,    75.00, -604.26, 2221.33,    0.00,    0.00,   0,   0,  88, 0.05
11:32:58.377,    76.00, -604.26, 2221.33,    0.00,    0.00,   0,   0,  88, 0.05
11:32:59.378,    77.00, -604.24, 2221.30,    0.00,    0.00,   0,   0,  88, 0.05
11:33:00.377,    78.00, -604.24, 2221.30,    0.00,    0.00,   0,   0,  88, 0.05
11:33:01.377,    79.00, -604.24, 2221.33,    0.00,    0.00,   0,   0,  88, 0.05
11:33:02.377,    80.00, -604.24, 2221.33,    0.00,    0.00,   0,   0,  88, 0.05
11:33:03.378,    81.00, -604.24, 2221.33,    0.00,    0.00,   0,   0,  88, 0.05
11:33:04.367,    82.00, -604.24, 2221.33,    0.00,    0.00,   0,   0,  88, 0.05
11:33:05.367,    83.00, -604.24, 2221.33,    0.00,    0.00,   0,   0,  88, 0.05
11:33:06.367,    84.00, -604.24, 2221.33,    0.00,    0.00,   0,   0,  88, 0.05
11:33:07.367,    85.00, -604.24, 2221.33,    0.00,    0.00,   0,   0,  88, 0.05
11:33:08.367,    86.00, -604.24, 2221.33,    0.00,    0.00,   0,   0,  88, 0.05
11:33:09.367,    87.00, -604.24, 2221.33,    0.00,    0.00,   0,   0,  88, 0.05
11:33:10.367,    88.00, -604.24, 2221.33,    0.00,    0.00,   0,   0,  88, 0.05
11:33:11.367,    89.00, -604.26, 2221.33,    0.00,    0.00,   0,   0,  88, 0.05
11:33:12.367,    90.00, -604.26, 2221.33,    0.00,    0.00,   0,   0,  88, 0.05
11:33:13.367,    91.00, -604.26, 2221.33,    0.00,    0.00,   0,   0,  89, 0.05
11:33:14.367,    92.00, -604.26, 2221.33,    0.00,    0.00,   0,   0,  83, 0.05
11:33:15.368,    93.00, -604.36, 2221.41,    0.00,    0.00,   0,   0,  24, 0.05
11:33:16.368,    94.00, -605.02, 2221.88,    0.00,    0.00,   0,   0,   1, 0.05
11:33:17.368,    95.00, -605.56, 2223.49,    0.00,    0.00,   0,   0, 359, 0.05
11:33:18.368,    96.00, -605.60, 2224.07,    0.00,    0.00,   0,   0,   0, 0.05
11:33:19.368,    97.00, -605.47, 2224.32,    0.00,    0.00,   0,   0,   0, 0.05
11:33:20.368,    98.00, -605.41, 2224.29,    0.00,    0.00,   0,   0,   0, 0.05
11:33:21.368,    99.00, -605.41, 2224.29,    0.00,    0.00,   0,   0,   0, 0.05
11:33:22.368,   100.00, -605.41, 2224.32,    0.00,    0.00,  20,   0,   0, 0.05
11:33:23.368,   101.00, -605.35, 2224.55,    0.00,    0.00,  20,   0, 359, 0.05
11:33:24.368,   102.00, -605.17, 2224.95,    0.00,    0.00,  20,   0,   0, 0.05
11:33:25.368,   103.00, -604.96, 2225.39,    0.00,    0.00,  20,   0,   0, 0.06
11:33:26.368,   104.00, -604.81, 2225.75,    0.00,    0.00,  20,   0,   0, 0.06
11:33:27.368,   105.00, -604.60, 2226.19,    0.00,    0.00,  20,   0,   1, 0.05
11:33:28.368,   106.00, -604.47, 2226.62,    0.00,    0.00,  20,  -6,   1, 0.05
11:33:29.368,   107.00, -604.30, 2226.99,    0.00,    0.00,  20,  -6, 358, 0.05
11:33:30.368,   108.00, -604.21, 2227.32,    0.00,    0.00,  20, -12, 355, 0.05
11:33:31.368,   109.00, -604.06, 2227.65,    0.00,    0.00,  20, -12, 350, 0.05
11:33:32.368,   110.00, -603.94, 2227.97,    0.00,    0.00,  30, -12, 345, 0.05
11:33:33.368,   111.00, -603.87, 2228.42,    0.00,    0.00,  40, -12, 336, 0.05
11:33:34.368,   112.00, -603.85, 2229.11,    0.00,    0.00,  50, -12, 326, 0.05
11:33:35.368,   113.00, -603.85, 2229.84,    0.00,    0.00,  50, -12, 314, 0.05
11:33:36.368,   114.00, -604.09, 2230.64,    0.00,    0.00,  50, -12, 303, 0.05
11:33:37.368,   115.00, -604.45, 2231.52,    0.00,    0.00,  50, -12, 291, 0.05
11:33:38.368,   116.00, -604.96, 2232.25,    0.00,    0.00,  50, -12, 278, 0.05
11:33:39.368,   117.00, -605.66, 2232.83,    0.00,    0.00,  50,   0, 272, 0.05
11:33:40.368,   118.00, -606.65, 2233.30,    0.00,    0.00,  50,   0, 273, 0.05
11:33:42.184,   119.74, -608.83, 2233.47, -608.58, 2233.83,  50,   1, 274, 0.05
11:33:43.139,   120.74, -609.75, 2233.91, -609.56, 2233.90,  50,   0, 275, 0.05
11:33:44.131,   121.74, -610.71, 2234.34, -610.64, 2234.01,  50,   0, 275, 0.05
11:33:45.130,   122.74, -611.68, 2234.85, -611.68, 2234.13,  50,  -2, 277, 0.05
11:33:46.129,   123.74, -612.66, 2235.33, -612.70, 2234.31,  50,  -2, 276, 0.05
11:33:47.131,   124.74, -613.58, 2235.73, -613.65, 2234.49,  50,  -2, 275, 0.05
11:33:48.135,   125.74, -614.54, 2236.13, -614.59, 2234.69,  50,  -1, 273, 0.05
11:33:49.130,   126.74, -615.52, 2236.46, -615.55, 2234.89,  50,  -2, 272, 0.05
11:33:50.132,   127.74, -616.52, 2236.85, -616.54, 2235.12,  50,  -3, 271, 0.05
11:33:51.133,   128.74, -617.49, 2237.37, -617.49, 2235.40,  37,  -5, 269, 0.05
11:33:52.131,   129.74, -618.45, 2237.94, -618.36, 2235.70,  37,  -7, 266, 0.05
11:33:53.134,   130.74, -619.20, 2238.24, -619.08, 2235.99,  37, -10, 263, 0.05
11:33:54.132,   131.74, -619.98, 2238.46, -619.76, 2236.28,  37, -11, 258, 0.05
11:33:55.131,   132.74, -620.78, 2238.58, -620.44, 2236.52,  37, -14, 253, 0.05
11:33:56.131,   133.74, -621.54, 2238.72, -621.07, 2236.75,  37, -14, 246, 0.05
11:33:57.130,   134.74, -622.27, 2238.76, -621.65, 2236.94,  37, -13, 238, 0.05
11:33:58.133,   135.74, -623.03, 2238.65, -622.27, 2237.04,  37, -13, 231, 0.05
11:33:59.133,   136.74, -623.74, 2238.51, -622.89, 2237.08,  37, -13, 224, 0.05
11:34:00.133,   137.74, -624.48, 2238.28, -623.53, 2237.02,  37, -14, 217, 0.05
11:34:01.135,   138.76, -625.12, 2237.98, -624.14, 2236.90,  50, 112, 210, 0.05
11:34:02.156,   139.76, -625.77, 2237.29, -625.52, 2237.30,  50,  97, 223, 0.05
11:34:03.156,   140.76, -626.04, 2236.59, -626.07, 2236.71,  50,  76, 247, 0.05
11:34:04.156,   141.76, -626.32, 2236.31, -626.46, 2236.45,  50,  58, 267, 0.05
11:34:05.155,   142.76, -626.63, 2236.44, -626.80, 2236.34,  50,  35, 291, 0.05
11:34:06.156,   143.76, -626.99, 2236.95, -627.30, 2236.61,  50,  15, 312, 0.05
11:34:07.157,   144.76, -627.46, 2237.75, -627.87, 2237.34,  50,   4, 323, 0.05
11:34:08.156,   145.76, -627.74, 2238.74, -628.32, 2238.25,  50,   1, 326, 0.05
11:34:09.155,   146.76, -627.98, 2239.83, -628.75, 2239.24,  50,   0, 326, 0.05
11:34:10.155,   147.76, -628.22, 2240.94, -629.15, 2240.25,  50,  -2, 327, 0.05
11:34:11.178,   148.76, -628.43, 2242.02, -629.51, 2241.25,  50,  -3, 326, 0.05
11:34:12.156,   149.76, -628.70, 2243.08, -629.85, 2242.22,  50,  -1, 323, 0.05
11:34:13.154,   150.76, -629.02, 2244.12, -630.21, 2243.17,  50,  -1, 321, 0.05
11:34:14.154,   151.76, -629.02, 2245.25, -630.50, 2244.11,  50,  -2, 321, 0.05
11:34:15.156,   152.76, -629.21, 2245.23, -630.45, 2244.50,  50,  -2, 319, 0.05
11:34:16.155,   153.76, -629.55, 2246.24, -630.74, 2245.34,  50,  -4, 319, 0.05
11:34:17.155,   154.76, -629.87, 2247.25, -631.07, 2246.29,  50,  -4, 317, 0.05
11:34:18.155,   155.76, -630.26, 2248.20, -631.41, 2247.24,  50,  -3, 314, 0.05
11:34:19.156,   156.76, -630.64, 2249.13, -631.77, 2248.16,  50,  -9, 312, 0.05
11:34:20.153,   157.76, -631.13, 2249.99, -632.13, 2249.04,  50,  -6, 306, 0.05
11:34:21.157,   158.76, -631.66, 2250.83, -632.54, 2249.88,  50,  -4, 301, 0.05
11:34:22.154,   159.76, -632.17, 2251.66, -633.01, 2250.68,  50,  -4, 299, 0.05
11:34:23.155,   160.76, -632.85, 2252.48, -633.58, 2251.54,  50,  -3, 296, 0.05
11:34:24.155,   161.76, -633.45, 2253.26, -634.14, 2252.34,  50,  -2, 293, 0.05
11:34:25.155,   162.76, -634.23, 2254.05, -634.81, 2253.18,  50,  -2, 291, 0.05
11:34:26.155,   163.76, -635.05, 2254.77, -635.53, 2253.99,  50,  -1, 289, 0.05
11:34:27.156,   164.76, -635.81, 2255.47, -636.25, 2254.76,  50,  -2, 288, 0.05
11:34:28.154,   165.76, -636.65, 2256.20, -637.02, 2255.56,  50,  -3, 288, 0.05
11:34:29.154,   166.76, -637.50, 2256.88, -637.80, 2256.33,  50,  -3, 286, 0.05
11:34:30.154,   167.76, -638.22, 2257.41, -638.48, 2256.98,  37,  -1, 283, 0.05
11:34:31.155,   168.76, -639.15, 2258.13, -639.30, 2257.66,  37,   9, 283, 0.05
11:34:32.155,   169.76, -639.89, 2258.72, -640.04, 2258.32,  37,   3, 287, 0.05
11:34:33.155,   170.76, -640.57, 2259.13, -640.66, 2258.90,  37,  -1, 289, 0.05
11:34:34.155,   171.76, -641.15, 2259.52, -641.20, 2259.40,  37,  -2, 288, 0.05
11:34:35.154,   172.76, -641.80, 2259.96, -641.77, 2259.91,  37,  -3, 286, 0.05
11:34:36.158,   173.76, -642.41, 2260.46, -642.38, 2260.40,  37,  -3, 283, 0.05
11:34:37.160,   174.79, -643.03, 2260.96, -643.02, 2260.87,  50,   8, 281, 0.05
11:34:38.180,   175.79, -643.63, 2261.22, -643.80, 2261.11,  50,   4, 285, 0.06
11:34:39.179,   176.79, -644.28, 2261.67, -644.48, 2261.30,  50,   1, 288, 0.05
11:34:40.180,   177.79, -645.23, 2262.33, -645.40, 2261.63,  50,   1, 289, 0.06
11:34:41.180,   178.79, -646.11, 2262.98, -646.37, 2262.00,  50,   1, 289, 0.05
11:34:42.181,   179.79, -646.98, 2263.68, -647.34, 2262.41,  50,   1, 289, 0.05
11:34:43.180,   180.79, -647.73, 2264.38, -648.25, 2262.85,  50,  -3, 292, 0.05
11:34:44.180,   181.79, -648.58, 2265.10, -649.15, 2263.37,  50,   0, 289, 0.05
11:34:45.179,   182.79, -649.44, 2265.79, -650.05, 2263.88,  50,   0, 288, 0.05
11:34:46.182,   183.79, -650.20, 2266.41, -650.86, 2264.40,  50,   0, 288, 0.05
11:34:47.180,   184.79, -651.04, 2267.03, -651.72, 2264.99,  50,  -1, 288, 0.05
11:34:48.180,   185.79, -651.97, 2267.65, -652.65, 2265.65,  50,  -2, 288, 0.05
11:34:49.181,   186.79, -652.89, 2268.29, -653.54, 2266.32,  50,  -1, 285, 0.05
11:34:50.181,   187.79, -653.78, 2268.91, -654.41, 2266.98,  50,  -1, 284, 0.05
11:34:51.180,   188.79, -654.64, 2269.52, -655.26, 2267.65,  50,  -5, 283, 0.05
11:34:52.182,   189.79, -655.62, 2270.06, -656.14, 2268.32,  50,  -4, 279, 0.05
11:34:53.181,   190.79, -656.58, 2270.68, -657.02, 2268.96,  50,  -2, 275, 0.05
11:34:54.181,   191.79, -657.49, 2271.23, -657.89, 2269.55,  50,  -2, 273, 0.05
11:34:55.181,   192.79, -658.43, 2271.69, -658.79, 2270.14,  50,  -3, 272, 0.05
11:34:56.181,   193.79, -660.43, 2272.50, -660.51, 2270.94,  50,  -2, 269, 0.05
11:34:57.181,   194.79, -660.46, 2272.50, -660.87, 2271.31,  50,  -2, 267, 0.05
11:34:58.180,   195.79, -662.39, 2273.27, -662.43, 2271.97,  50,  -2, 265, 0.05
11:34:59.180,   196.79, -663.32, 2273.74, -663.51, 2272.50,  50,  -4, 265, 0.05
11:35:00.180,   197.79, -664.51, 2274.22, -664.65, 2273.05,  50,  -4, 262, 0.05
11:35:01.180,   198.79, -665.77, 2274.56, -665.83, 2273.54,  50,  -2, 258, 0.05
11:35:02.181,   199.79, -667.02, 2274.74, -667.02, 2273.93,  50,  -2, 257, 0.05
11:35:03.181,   200.79, -668.11, 2274.86, -668.10, 2274.26,  50,  -1, 254, 0.05
11:35:04.181,   201.79, -669.17, 2275.01, -669.15, 2274.52,  50,  -2, 254, 0.05
11:35:05.181,   202.79, -670.15, 2275.12, -670.13, 2274.75,  50,  -2, 253, 0.05
11:35:06.181,   203.79, -671.25, 2275.24, -671.20, 2274.96,  50,  -2, 252, 0.05
11:35:07.181,   204.79, -672.36, 2275.32, -672.29, 2275.14,  50,  -1, 250, 0.05
11:35:08.180,   205.79, -673.49, 2275.36, -673.40, 2275.27,  50,   0, 249, 0.05
11:35:09.181,   206.79, -674.55, 2275.36, -674.46, 2275.36,  50,   0, 249, 0.05
11:35:10.180,   207.79, -675.66, 2275.39, -675.56, 2275.44,  50,  -1, 249, 0.05
11:35:11.180,   208.79, -676.82, 2275.44, -676.70, 2275.52,  50,   0, 248, 0.05
11:35:12.181,   209.79, -677.90, 2275.45, -677.80, 2275.56,  37,  14, 246, 0.05
11:35:13.181,   210.79, -678.71, 2275.54, -678.63, 2275.59,  37,   7, 253, 0.05
11:35:14.178,   211.79, -679.43, 2275.53, -679.36, 2275.68,  37,   2, 257, 0.05
11:35:15.188,   212.79, -680.20, 2275.67, -680.11, 2275.81,  37,  -1, 259, 0.05
11:35:16.182,   213.79, -681.00, 2275.74, -680.88, 2275.96,  37,  -2, 257, 0.05
11:35:17.181,   214.79, -681.70, 2275.90, -681.61, 2276.08,  37,  -3, 256, 0.05
11:35:18.182,   215.79, -682.53, 2276.01, -682.43, 2276.19,  37,  -5, 254, 0.05
11:35:19.184,   216.81, -683.40, 2276.05, -683.28, 2276.27,  50,-106, 252, 0.05
11:35:20.210,   217.81, -684.55, 2275.82, -684.15, 2275.80,  50, -88, 234, 0.05
11:35:21.225,   218.82, -685.35, 2276.14, -684.70, 2275.53,  50, -65, 210, 0.05
11:35:22.214,   219.82, -686.08, 2276.15, -685.00, 2275.63,  50, -39, 184, 0.05
11:35:23.213,   220.82, -686.53, 2275.93, -685.37, 2275.78,  50, -17, 162, 0.05
11:35:24.217,   221.82, -686.71, 2275.35, -685.63, 2275.60,  50,  -5, 150, 0.05
11:35:25.215,   222.82, -686.68, 2274.46, -685.61, 2275.03,  50,  -3, 146, 0.05
11:35:26.215,   223.82, -686.53, 2273.38, -685.38, 2274.22,  50,  -2, 144, 0.05
11:35:27.215,   224.82, -686.35, 2272.26, -685.06, 2273.28,  50,  -1, 143, 0.05
11:35:28.215,   225.82, -686.27, 2271.04, -684.71, 2272.25,  50,  -3, 144, 0.05
11:35:29.214,   226.82, -686.04, 2270.08, -684.45, 2271.29,  50,  -4, 142, 0.05
11:35:30.212,   227.82, -685.78, 2269.08, -684.17, 2270.34,  50,  -3, 140, 0.05
11:35:31.221,   228.82, -685.57, 2268.14, -683.91, 2269.41,  50,  -5, 140, 0.05
11:35:32.225,   229.82, -685.24, 2267.18, -683.64, 2268.46,  50,  -3, 137, 0.05
11:35:33.226,   230.83, -684.94, 2266.23, -683.38, 2267.53,  50,  -1, 134, 0.05
11:35:34.225,   231.83, -684.58, 2265.20, -683.03, 2266.52,  50,  -2, 134, 0.05
11:35:35.224,   232.83, -684.24, 2264.08, -682.67, 2265.43,  50,  -3, 133, 0.05
11:35:36.225,   233.83, -683.86, 2263.03, -682.31, 2264.32,  50,  -3, 132, 0.05
11:35:37.229,   234.83, -683.39, 2262.14, -681.99, 2263.29,  50,  -3, 130, 0.05
11:35:38.226,   235.83, -682.93, 2261.20, -681.64, 2262.25,  50,  -3, 129, 0.05
11:35:39.232,   236.84, -682.36, 2260.32, -681.27, 2261.24,  50,  -1, 126, 0.05
11:35:40.230,   237.84, -681.87, 2259.36, -680.85, 2260.23,  50,  -3, 126, 0.05
11:35:41.231,   238.84, -681.35, 2258.39, -680.41, 2259.19,  50,  -3, 125, 0.05
11:35:42.230,   239.84, -680.85, 2257.52, -680.01, 2258.22,  50,  -4, 124, 0.05
11:35:43.231,   240.84, -680.26, 2256.66, -679.57, 2257.26,  50,  -3, 122, 0.05
11:35:44.230,   241.84, -679.54, 2255.76, -679.03, 2256.27,  50,  -2, 120, 0.05
11:35:45.232,   242.84, -678.94, 2254.96, -678.51, 2255.37,  50,  -3, 120, 0.05
11:35:46.234,   243.84, -678.25, 2254.10, -677.95, 2254.44,  50,  -2, 118, 0.05
11:35:47.231,   244.84, -677.60, 2253.34, -677.38, 2253.60,  50,  -2, 117, 0.05
11:35:48.230,   245.84, -676.89, 2252.61, -676.79, 2252.78,  50,  -1, 116, 0.05
11:35:49.231,   246.84, -676.22, 2251.84, -676.17, 2251.97,  50,  -3, 117, 0.05
11:35:50.230,   247.84, -675.50, 2251.05, -675.52, 2251.14,  50,  -1, 115, 0.05
11:35:51.239,   248.84, -674.76, 2250.18, -674.80, 2250.28,  50,  -1, 114, 0.05
11:35:52.243,   249.84, -673.90, 2249.34, -674.02, 2249.39,  50,  -2, 115, 0.05
11:35:53.231,   250.84, -673.19, 2248.57, -673.32, 2248.58,  50,  -2, 114, 0.05
11:35:54.231,   251.84, -672.50, 2247.81, -672.62, 2247.81,  50,  -2, 114, 0.05
11:35:55.231,   252.84, -671.49, 2246.36, -671.58, 2246.61,  50,  -1, 112, 0.05
11:35:56.231,   253.84, -671.79, 2246.25, -671.44, 2246.36,  50,  -1, 112, 0.05
11:35:57.231,   254.84, -671.03, 2246.25, -671.10, 2246.05,  50,  -1, 112, 0.05
11:35:58.231,   255.84, -670.24, 2245.48, -670.42, 2245.38,  50,  -1, 112, 0.05
11:35:59.231,   256.84, -669.46, 2244.72, -669.67, 2244.64,  50,  -2, 112, 0.05
11:36:00.231,   257.84, -668.66, 2243.93, -668.87, 2243.86,  50,  -1, 111, 0.05
11:36:01.239,   258.84, -668.00, 2243.20, -668.14, 2243.15,  50,  -1, 111, 0.05
11:36:02.235,   259.84, -667.33, 2242.43, -667.42, 2242.44,  50,  -1, 111, 0.05
11:36:03.232,   260.84, -666.58, 2241.66, -666.66, 2241.69,  50,  -2, 111, 0.05
11:36:04.231,   261.84, -665.88, 2240.93, -665.94, 2240.97,  50,  -1, 110, 0.05
11:36:05.232,   262.84, -665.14, 2240.13, -665.18, 2240.21,  50,  -2, 111, 0.05
11:36:06.231,   263.84, -664.28, 2239.40, -664.38, 2239.43,  50,  -2, 110, 0.05
11:36:07.230,   264.84, -663.51, 2238.68, -663.61, 2238.70,  50,  -1, 109, 0.05
11:36:08.232,   265.84, -662.71, 2237.94, -662.81, 2237.96,  50,  -2, 110, 0.05
11:36:09.232,   266.84, -661.89, 2237.19, -662.00, 2237.21,  50,   1, 107, 0.05
11:36:10.231,   267.84, -661.14, 2236.49, -661.21, 2236.53,  50,   0, 108, 0.05
11:36:11.230,   268.84, -660.27, 2235.83, -660.40, 2235.82,  50,   0, 108, 0.05
11:36:12.231,   269.84, -659.41, 2235.07, -659.54, 2235.07,  50,  -1, 109, 0.05
11:36:13.231,   270.84, -658.59, 2234.34, -658.72, 2234.34,  37,   9, 109, 0.05
11:36:14.230,   271.84, -657.75, 2233.51, -657.91, 2233.58,  37,   5, 113, 0.05
11:36:15.232,   272.84, -657.04, 2232.91, -657.24, 2232.89,  37,  -1, 117, 0.05
11:36:16.232,   273.84, -656.44, 2232.32, -656.66, 2232.25,  37,  -4, 118, 0.05
11:36:17.232,   274.84, -655.88, 2231.82, -656.13, 2231.68,  37,  -5, 116, 0.05
11:36:18.232,   275.84, -655.31, 2231.24, -655.55, 2231.11,  37,  -6, 113, 0.05
11:36:19.235,   276.86, -654.77, 2230.64, -654.95, 2230.55,  50,  55, 110, 0.05
11:36:20.254,   277.86, -654.43, 2230.20, -654.03, 2230.37,  50,  42, 123, 0.05
11:36:21.255,   278.86, -654.16, 2229.43, -653.40, 2229.94,  50,  19, 146, 0.05
11:36:22.255,   279.86, -653.85, 2228.70, -652.95, 2229.17,  50,   7, 159, 0.05
11:36:23.260,   280.86, -653.48, 2227.92, -652.66, 2228.25,  50,   1, 165, 0.05
11:36:24.262,   281.86, -653.43, 2226.97, -652.48, 2227.27,  50,   0, 166, 0.05
11:36:25.266,   282.86, -653.47, 2225.92, -652.34, 2226.24,  50,  -3, 168, 0.05
11:36:26.254,   283.86, -653.61, 2224.88, -652.26, 2225.24,  50,  -1, 166, 0.05
11:36:27.255,   284.86, -653.73, 2223.71, -652.18, 2224.16,  50,  -1, 166, 0.05
11:36:28.253,   285.86, -653.89, 2222.61, -652.15, 2223.07,  50,  -3, 167, 0.05
11:36:29.254,   286.86, -654.03, 2221.61, -652.19, 2222.07,  50,  -2, 165, 0.05
11:36:30.254,   287.86, -654.21, 2220.62, -652.26, 2221.13,  50,  -1, 163, 0.05
11:36:31.253,   288.86, -654.30, 2219.56, -652.32, 2220.09,  50,  -2, 163, 0.05
11:36:32.262,   289.86, -654.62, 2217.44, -652.31, 2218.25,  50,  -3, 163, 0.05
11:36:33.258,   290.86, -654.71, 2216.48, -652.47, 2217.06,  50,  -6, 161, 0.05
11:36:34.255,   291.86, -654.87, 2215.48, -652.67, 2216.05,  50,  -4, 157, 0.05
11:36:35.254,   292.86, -655.01, 2214.35, -652.84, 2214.98,  50,  -3, 154, 0.05
11:36:36.253,   293.86, -655.03, 2213.11, -652.95, 2213.74,  50,  -5, 154, 0.05
11:36:37.254,   294.86, -655.14, 2212.05, -653.12, 2212.63,  50,  -5, 151, 0.05
11:36:38.256,   295.86, -655.13, 2211.09, -653.27, 2211.61,  50,  -5, 149, 0.05
11:36:39.253,   296.86, -655.08, 2210.16, -653.40, 2210.63,  50,  -5, 147, 0.05
11:36:40.270,   297.86, -654.91, 2209.13, -653.46, 2209.57,  50,  -5, 145, 0.05
11:36:41.260,   298.86, -654.64, 2208.29, -653.49, 2208.64,  50,  -4, 142, 0.05
11:36:42.253,   299.86, -654.35, 2207.33, -653.43, 2207.67,  50,  -3, 139, 0.05
11:36:43.255,   300.86, -654.08, 2206.31, -653.30, 2206.65,  50,  -1, 136, 0.05
11:36:44.261,   301.86, -653.72, 2205.21, -653.08, 2205.54,  50,  -2, 136, 0.05
11:36:45.255,   302.86, -653.35, 2204.13, -652.83, 2204.42,  50,  -3, 135, 0.05
11:36:46.265,   303.86, -653.05, 2203.29, -652.62, 2203.48,  50,  -4, 135, 0.05
11:36:47.258,   304.86, -652.69, 2202.28, -652.37, 2202.48,  50,  -3, 133, 0.05
11:36:48.256,   305.86, -652.32, 2201.28, -652.07, 2201.46,  50,  -3, 132, 0.05
11:36:49.256,   306.86, -651.80, 2200.42, -651.74, 2200.52,  50,  -1, 129, 0.05
11:36:50.255,   307.86, -651.35, 2199.44, -651.33, 2199.54,  50,  -1, 129, 0.05
11:36:51.255,   308.86, -650.89, 2198.45, -650.91, 2198.54,  50,  -3, 130, 0.05
11:36:52.280,   309.86, -650.32, 2197.48, -650.46, 2197.52,  50,  -1, 128, 0.05
11:36:53.257,   310.86, -649.80, 2196.58, -649.99, 2196.58,  50,  -1, 127, 0.05
11:36:54.255,   311.86, -649.19, 2195.70, -649.48, 2195.65,  50,  -1, 127, 0.05
11:36:55.256,   312.86, -648.63, 2194.66, -648.94, 2194.64,  50,  -2, 128, 0.05
11:36:56.254,   313.86, -648.04, 2193.77, -648.40, 2193.69,  50,   0, 126, 0.05
11:36:57.256,   314.86, -647.46, 2193.01, -647.87, 2192.86,  50,   1, 126, 0.05
11:36:58.259,   315.86, -646.87, 2192.02, -647.27, 2191.92,  50,   0, 127, 0.05
11:36:59.256,   316.86, -646.31, 2191.02, -646.68, 2190.94,  50,  -1, 128, 0.05
11:37:00.262,   317.86, -645.75, 2190.11, -646.12, 2190.02,  50,   1, 127, 0.05
11:37:01.263,   318.86, -645.31, 2189.19, -645.59, 2189.13,  50,   0, 128, 0.05
11:37:02.256,   319.86, -644.80, 2188.14, -645.02, 2188.14,  50,   1, 128, 0.05
11:37:03.256,   320.86, -644.27, 2187.15, -644.47, 2187.16,  50,  10, 129, 0.05
11:37:04.257,   321.86, -643.79, 2186.10, -643.96, 2186.15,  37,   3, 136, 0.05
11:37:05.256,   322.86, -643.17, 2185.04, -643.51, 2185.10,  37,   0, 137, 0.05
11:37:06.257,   323.86, -642.90, 2184.22, -643.16, 2184.24,  37,  -3, 138, 0.05
11:37:07.256,   324.86, -642.66, 2183.43, -642.85, 2183.45,  37,  -4, 136, 0.05
11:37:08.265,   325.86, -642.43, 2182.64, -642.54, 2182.68,  37,  -6, 135, 0.05
11:37:09.255,   326.86, -642.24, 2182.04, -642.28, 2182.05,  37,  -8, 133, 0.05
11:37:10.257,   327.86, -641.93, 2181.45, -642.00, 2181.44,  37,  -9, 129, 0.05
11:37:11.258,   328.88, -641.53, 2180.89, -641.65, 2180.85,  50,-108, 124, 0.05
11:37:12.289,   329.89, -641.02, 2180.55, -640.88, 2180.44,  50, -91, 107, 0.05
11:37:13.294,   330.90, -640.21, 2179.98, -640.18, 2180.20,  50, -68,  83, 0.05
11:37:14.296,   331.90, -639.33, 2179.51, -639.55, 2180.19,  50, -45,  59, 0.05
11:37:15.294,   332.90, -638.39, 2179.22, -639.08, 2180.13,  50, -22,  35, 0.05
11:37:16.304,   333.90, -637.58, 2179.26, -638.66, 2180.03,  50,  -8,  20, 0.05
11:37:17.296,   334.90, -636.86, 2179.74, -638.21, 2180.28,  50,  -6,  15, 0.05
11:37:18.295,   335.90, -636.31, 2180.33, -637.76, 2180.73,  50,  -3,  11, 0.05
11:37:19.298,   336.90, -635.75, 2181.08, -637.33, 2181.38,  50,  -2,   9, 0.05
11:37:20.299,   337.90, -635.24, 2181.97, -636.89, 2182.21,  50,  -2,   8, 0.05
11:37:21.298,   338.90, -634.70, 2183.01, -636.43, 2183.20,  50,  -1,   7, 0.05
11:37:22.299,   339.90, -634.16, 2184.09, -635.94, 2184.29,  50,  -3,   8, 0.05
11:37:23.301,   340.90, -633.70, 2185.05, -635.46, 2185.27,  50,  -2,   6, 0.05
11:37:24.306,   341.90, -633.25, 2186.02, -634.99, 2186.23,  50,  -2,   5, 0.05
11:37:25.298,   342.90, -632.86, 2186.89, -634.54, 2187.12,  50,  -2,   4, 0.05
11:37:26.298,   343.90, -632.43, 2187.85, -634.07, 2188.06,  50,  -2,   3, 0.05
11:37:27.299,   344.90, -632.07, 2188.86, -633.60, 2189.05,  50,  -2,   2, 0.05
11:37:28.299,   345.90, -631.62, 2189.76, -633.14, 2189.97,  50,  -2,   1, 0.05
11:37:29.310,   346.90, -631.22, 2190.82, -632.65, 2191.00,  50,  -3,   1, 0.05
11:37:30.300,   347.90, -630.86, 2191.77, -632.18, 2191.96,  50,  -2, 359, 0.05
11:37:31.299,   348.90, -630.53, 2192.71, -631.74, 2192.89,  50,  -2, 358, 0.05
11:37:32.310,   349.91, -630.30, 2193.63, -631.33, 2193.77,  50,  -1, 356, 0.05
11:37:33.300,   350.91, -629.99, 2194.62, -630.94, 2194.73,  50,  -2, 356, 0.05
11:37:34.300,   351.91, -629.66, 2195.62, -630.54, 2195.72,  50,  -1, 355, 0.05
11:37:35.302,   352.91, -629.36, 2196.57, -630.16, 2196.67,  50,  -2, 355, 0.05
11:37:36.322,   353.91, -629.06, 2197.62, -629.76, 2197.70,  50,  -3, 355, 0.05
11:37:37.305,   354.91, -628.85, 2198.62, -629.40, 2198.67,  50,  -2, 353, 0.05
11:37:38.298,   355.91, -629.42, 2199.81, -629.22, 2199.69,  50,  -2, 352, 0.05
11:37:39.300,   356.91, -628.65, 2200.74, -628.96, 2200.71,  50,   0, 350, 0.05
11:37:40.300,   357.91, -628.46, 2200.74, -628.83, 2200.96,  50,  -1, 350, 0.05
11:37:41.299,   358.91, -628.25, 2201.79, -628.60, 2201.82,  50,  -1, 350, 0.05
11:37:42.299,   359.91, -628.04, 2202.85, -628.34, 2202.83,  50,  -2, 350, 0.05
11:37:43.299,   360.91, -627.86, 2203.87, -628.10, 2203.84,  50,  -2, 350, 0.05
11:37:44.302,   361.91, -627.68, 2204.89, -627.86, 2204.85,  50,  -3, 350, 0.05
11:37:45.298,   362.91, -627.53, 2205.89, -627.64, 2205.84,  50,  -1, 348, 0.05
11:37:46.299,   363.91, -627.35, 2206.91, -627.45, 2206.86,  50,  -2, 348, 0.05
11:37:47.298,   364.91, -627.21, 2207.94, -627.27, 2207.87,  50,   0, 346, 0.05
11:37:48.300,   365.91, -627.15, 2209.12, -627.12, 2209.01,  50,  -2, 347, 0.05
11:37:49.299,   366.91, -627.06, 2210.20, -626.98, 2210.10,  50,  -1, 346, 0.05
11:37:50.300,   367.91, -626.88, 2211.32, -626.85, 2211.21,  50,   0, 345, 0.05
11:37:51.300,   368.91, -626.70, 2212.43, -626.71, 2212.33,  50,  -1, 346, 0.05
11:37:52.301,   369.91, -626.67, 2213.45, -626.59, 2213.37,  50,  -1, 346, 0.05
11:37:53.299,   370.91, -626.55, 2214.53, -626.48, 2214.44,  50,  -1, 345, 0.05
11:37:54.299,   371.91, -626.43, 2215.59, -626.37, 2215.50,  50,  -1, 345, 0.05
11:37:55.300,   372.91, -626.33, 2216.64, -626.27, 2216.55,  50,  -1, 345, 0.05
11:37:56.312,   373.91, -626.19, 2217.65, -626.17, 2217.58,  50,   0, 344, 0.05
11:37:57.314,   374.91, -626.06, 2218.79, -626.06, 2218.69,  50,  -3, 347, 0.05
11:37:58.300,   375.91, -625.97, 2219.67, -625.94, 2219.62,  50,  -2, 345, 0.05
11:37:59.299,   376.91, -625.80, 2220.70, -625.82, 2220.63,  50,  -2, 345, 0.05
11:38:00.304,   377.91, -625.68, 2221.67, -625.71, 2221.61,  50,  -2, 344, 0.05
11:38:01.304,   378.91, -625.68, 2222.42, -625.65, 2222.41,  50,  -1, 343, 0.05
11:38:02.299,   379.91, -625.71, 2223.48, -625.60, 2223.41,  50,  -1, 343, 0.05
11:38:03.299,   380.91, -625.77, 2224.64, -625.57, 2224.53,  50,   0, 343, 0.05
11:38:04.299,   381.91, -625.80, 2225.79, -625.55, 2225.66,  50,   9, 344, 0.05
11:38:05.300,   382.91, -625.69, 2227.02, -625.48, 2226.87,  50,   4, 349, 0.05
11:38:06.301,   383.91, -625.56, 2228.24, -625.32, 2228.06,  37,  -1, 353, 0.05
11:38:07.303,   384.91, -625.64, 2229.29, -625.20, 2229.06,  37,  -2, 353, 0.05
11:38:08.301,   385.91, -625.23, 2231.14, -624.92, 2230.74,  37,  -5, 352, 0.05
11:38:09.301,   386.91, -625.23, 2231.11, -624.90, 2231.12,  37,  -2, 349, 0.05
11:38:10.301,   387.91, -624.99, 2232.52, -624.79, 2232.31,  37,  -4, 348, 0.05
11:38:11.302,   388.91, -624.94, 2233.23, -624.74, 2233.14,  37,  -5, 346, 0.05
11:38:12.308,   389.91, -624.82, 2233.90, -624.71, 2233.86,   0,  -5, 343, 0.05
11:38:13.270,   390.91, -625.32, 2234.72, -624.71, 2233.86,   0,  -5, 343, 0.05
11:38:14.270,   391.91, -625.32, 2234.69, -624.71, 2233.86,   0,  -5, 343, 0.05
11:38:15.270,   392.91, -625.32, 2234.69, -624.71, 2233.86,   0,  -5, 343, 0.05
11:38:16.270,   393.91, -625.32, 2234.69, -624.71, 2233.86,   0,  -5, 343, 0.05
11:38:17.270,   394.91, -625.32, 2234.69, -624.71, 2233.86,   0,  -5, 343, 0.05
11:38:18.270,   395.91, -625.32, 2234.69, -624.71, 2233.86,   0,  -5, 343, 0.05
11:38:19.270,   396.91, -625.32, 2234.69, -624.71, 2233.86,   0,  -5, 343, 0.05
11:38:20.270,   397.91, -625.32, 2234.69, -624.71, 2233.86,   0,   1, 343, 0.05
11:38:21.270,   398.91, -625.32, 2234.69, -624.71, 2233.86,   0,   2, 343, 0.05
11:38:22.270,   399.91, -625.32, 2234.69, -624.71, 2233.86,   0,   8, 343, 0.05
11:38:23.270,   400.91, -625.32, 2234.69, -624.71, 2233.86,   0,   8, 343, 0.05
11:38:24.270,   401.91, -625.32, 2234.69, -624.71, 2233.86,   0,  14, 343, 0.05
11:38:25.270,   402.91, -625.32, 2234.69, -624.71, 2233.86,   0,  14, 343, 0.05
11:38:26.270,   403.91, -625.32, 2234.69, -624.71, 2233.86,  20,  14, 345, 0.05
11:38:27.270,   404.91, -625.32, 2234.87, -624.71, 2233.86,  30,  14, 352, 0.05
11:38:28.270,   405.91, -625.26, 2235.38, -624.71, 2233.86,  30,  14,   0, 0.05
11:38:29.271,   406.91, -625.17, 2235.86, -624.71, 2233.86,  30,  14,   9, 0.05
11:38:30.270,   407.91, -624.98, 2236.33, -624.71, 2233.86,  30,  14,  17, 0.05
11:38:31.271,   408.91, -624.68, 2236.77, -624.71, 2233.86,  30,  14,  25, 0.05
11:38:32.271,   409.91, -624.35, 2237.17, -624.71, 2233.86,  30,  14,  34, 0.05
11:38:33.271,   410.91, -623.93, 2237.61, -624.71, 2233.86,  30,  14,  42, 0.05
11:38:34.271,   411.91, -623.45, 2237.97, -624.71, 2233.86,  30,  14,  50, 0.05
11:38:35.271,   412.91, -622.96, 2238.23, -624.71, 2233.86,  30,  14,  59, 0.05
11:38:36.271,   413.91, -622.45, 2238.37, -624.71, 2233.86,  30,   0,  66, 0.05
11:38:37.271,   414.91, -621.85, 2238.48, -624.71, 2233.86,  30,   0,  66, 0.05
11:38:38.271,   415.91, -621.19, 2238.52, -624.71, 2233.86,  30,   0,  66, 0.05
11:38:39.271,   416.91, -620.46, 2238.55, -624.71, 2233.86,  30,   0,  67, 0.05
11:38:40.271,   417.91, -619.80, 2238.63, -624.71, 2233.86,  30,   0,  67, 0.05
11:38:41.282,   418.92, -619.17, 2238.59, -624.71, 2233.86,  40,   0,  68, 0.05
11:38:42.282,   419.92, -618.47, 2238.59, -624.71, 2233.86,  40,   0,  67, 0.05
11:38:43.282,   420.92, -617.53, 2238.55, -624.71, 2233.86,  40,   0,  67, 0.05
11:38:44.282,   421.92, -616.69, 2238.55, -624.71, 2233.86,  40,   0,  69, 0.05
11:38:45.282,   422.92, -615.91, 2238.45, -624.71, 2233.86,  40,   0,  70, 0.06
11:38:46.282,   423.92, -615.00, 2238.34, -624.71, 2233.86,  40,   0,  71, 0.06
11:38:47.282,   424.92, -614.01, 2238.45, -624.71, 2233.86,  40,   6,  75, 0.05
11:38:48.282,   425.92, -613.25, 2238.48, -624.71, 2233.86,  40,   6,  81, 0.05
11:38:49.282,   426.92, -612.50, 2238.48, -624.71, 2233.86,  40,   6,  86, 0.05
11:38:50.282,   427.92, -611.71, 2238.37, -624.71, 2233.86,  40,   6,  93, 0.05
11:38:51.282,   428.92, -611.05, 2238.16, -624.71, 2233.86,  40,   6,  99, 0.05
11:38:52.282,   429.92, -610.30, 2237.79, -624.71, 2233.86,  40,   6, 105, 0.05
11:38:53.282,   430.92, -609.58, 2237.31, -624.71, 2233.86,  40,   6, 110, 0.05
11:38:54.282,   431.92, -608.97, 2236.91, -624.71, 2233.86,  40,   6, 116, 0.05
11:38:55.282,   432.92, -608.39, 2236.36, -624.71, 2233.86,  40,   6, 122, 0.05
11:38:56.282,   433.92, -607.86, 2235.78, -624.71, 2233.86,  40,   6, 128, 0.05
11:38:57.282,   434.92, -607.41, 2235.13, -624.71, 2233.86,  40,   6, 134, 0.05
11:38:58.282,   435.92, -606.95, 2234.36, -624.71, 2233.86,  40,   0, 137, 0.05
11:38:59.282,   436.92, -606.53, 2233.52, -624.71, 2233.86,  40,   0, 137, 0.05
11:39:00.283,   437.92, -606.11, 2232.68, -624.71, 2233.86,  40,   0, 137, 0.05
11:39:01.283,   438.92, -605.77, 2231.80, -624.71, 2233.86,  40,   0, 138, 0.05
11:39:02.283,   439.92, -605.45, 2230.97, -624.71, 2233.86,  40,   0, 138, 0.05
11:39:03.283,   440.92, -605.17, 2229.98, -624.71, 2233.86,  40,   6, 141, 0.05
11:39:04.283,   441.92, -604.93, 2229.29, -624.71, 2233.86,  40,  12, 147, 0.05
11:39:05.282,   442.92, -604.72, 2228.67, -624.71, 2233.86,  40,  12, 159, 0.05
11:39:06.283,   443.92, -604.69, 2227.97, -624.71, 2233.86,  40,  12, 170, 0.05
11:39:07.390,   445.03, -604.69, 2227.28, -624.71, 2233.86,  40,   0, 178, 0.05
11:39:08.390,   446.03, -604.84, 2226.51, -624.71, 2233.86,  40,   0, 180, 0.05
11:39:09.390,   447.03, -605.08, 2225.68, -624.71, 2233.86,  40,   0, 180, 0.05
11:39:10.390,   448.03, -605.50, 2224.87, -624.71, 2233.86,  40,   0, 180, 0.05
11:39:11.390,   449.03, -605.83, 2224.07, -624.71, 2233.86,  40,   0, 183, 0.05
11:39:12.390,   450.03, -606.05, 2223.23, -624.71, 2233.86,   0,   0, 183, 0.05
11:39:13.390,   451.03, -606.32, 2222.79, -624.71, 2233.86,   0,   0, 183, 0.05
11:39:14.390,   452.03, -606.32, 2222.79, -624.71, 2233.86,   0,   0, 183, 0.05
11:39:15.390,   453.03, -606.32, 2222.76, -624.71, 2233.86,   0,   0, 183, 0.05
11:39:16.390,   454.03, -606.32, 2222.76, -624.71, 2233.86,   0,   0, 183, 0.06
11:39:17.390,   455.03, -606.32, 2222.72, -624.71, 2233.86,   0,   0, 184, 0.07
11:39:18.390,   456.03, -606.32, 2222.72, -624.71, 2233.86,   0,   0, 172, 0.07
11:39:19.390,   457.03, -605.98, 2222.86, -624.71, 2233.86,   0,   0, 107, 0.10
11:39:20.390,   458.03, -604.90, 2221.77, -624.71, 2233.86,   0,   0,  92, 0.07
11:39:21.390,   459.03, -604.36, 2221.30, -624.71, 2233.86,   0,   0,  92, 0.07
11:39:22.391,   460.03, -604.36, 2221.30, -624.71, 2233.86,   0,   0,  92, 0.06
11:39:23.390,   461.03, -604.32, 2221.33, -624.71, 2233.86,   0,   0,  92, 0.05
11:39:24.390,   462.03, -604.30, 2221.33, -624.71, 2233.86,   0,   0,  92, 0.05
11:39:25.390,   463.03, -604.30, 2221.33, -624.71, 2233.86,   0,   0,  92, 0.05
11:39:26.390,   464.03, -604.30, 2221.33, -624.71, 2233.86,   0,   0,  92, 0.05
11:39:27.391,   465.03, -604.26, 2221.33, -624.71, 2233.86,   0,   0,  92, 0.05
11:39:28.391,   466.03, -604.26, 2221.38, -624.71, 2233.86,   0,   0,  92, 0.05
11:39:29.391,   467.03, -604.21, 2221.41, -624.71, 2233.86,   0,   0,  92, 0.05
11:39:30.391,   468.03, -604.21, 2221.41, -624.71, 2233.86,   0,   0,  92, 0.05
11:39:31.391,   469.03, -604.24, 2221.41, -624.71, 2233.86,   0,   0,  92, 0.05
11:39:32.391,   470.03, -604.21, 2221.38, -624.71, 2233.86,   0,   0,  92, 0.05
11:39:33.391,   471.03, -604.21, 2221.41, -624.71, 2233.86,   0,   0,  92, 0.05
