12
13
14
15
16
17
18
19
20
21
22
23
24
25
26
27
28
29
30
31
32
33
34
35
36
37
38
39
40
41
42
43
44
45
46
47
48
49
50
51
52
53
54
55
56
57
58
59
60
61
62
63
64
65
66
67
68
69
70
71
72
73
74
75
76
77
10
11
12
13
14
15
16
17
18
19
20
21
22
23
24
25
26
27
28
29
30
31
32
33
34
35
36
37
38
39
40
41
42
43
44
45
46
47
48
49
50
51
52
53
54
55
56
57
58
59
60
61
62
63
64
65
66
67
68
69
70
71
72
73
74
75
76
77
wpts: [-684.91, 2276.04] [-644.7, 2261.65]
dot1&2 977.1435567042352 846.772643295755
    open None 29 0 0 0
new current node None 29 0 0 0
    open 29 30 128.0886097304758 42.707331923218874 85.38127780725692
    open 29 32 160.99763305459487 33.19673477919176 127.8008982754031
    open 29 44 145.90167027411584 22.49329900214745 123.4083712719684
    open 29 50 138.1360715774554 37.69305638973835 100.44301518771705
new current node 29 30 128.0886097304758 42.707331923218874 85.38127780725692
scanned from open 29 50 138.1360715774554 37.69305638973835 100.44301518771705
opennode.g > child.g
scanned after 30 50 115.52503428331552 15.082019095598463 100.44301518771705
    open 29 32 160.99763305459487 33.19673477919176 127.8008982754031
    open 29 44 145.90167027411584 22.49329900214745 123.4083712719684
    open 30 50 115.52503428331552 15.082019095598463 100.44301518771705
    open 30 28 92.4173858813564 32.90228107593778 59.515104805418616
new current node 30 28 92.4173858813564 32.90228107593778 59.515104805418616
    open 29 32 160.99763305459487 33.19673477919176 127.8008982754031
    open 29 44 145.90167027411584 22.49329900214745 123.4083712719684
    open 30 50 115.52503428331552 15.082019095598463 100.44301518771705
    open 28 13 94.05644256510276 24.896636318988964 69.15980624611379
    open 28 27 63.904192611540786 57.82102731705813 6.083165294482655
    open 28 31 85.02261658129699 29.139011651049422 55.883604930247564
    open 28 41 101.23861217691501 73.81215414821582 27.426458028699184
    open 28 76 83.5221357711508 19.979211696160665 63.54292407499014
new current node 28 27 63.904192611540786 57.82102731705813 6.083165294482655
scanned from open 28 41 101.23861217691501 73.81215414821582 27.426458028699184
opennode.g > child.g
scanned after 27 41 50.50238704575068 23.075929017051497 27.426458028699184
    open 29 32 160.99763305459487 33.19673477919176 127.8008982754031
    open 29 44 145.90167027411584 22.49329900214745 123.4083712719684
    open 30 50 115.52503428331552 15.082019095598463 100.44301518771705
    open 28 13 94.05644256510276 24.896636318988964 69.15980624611379
    open 28 31 85.02261658129699 29.139011651049422 55.883604930247564
    open 27 41 50.50238704575068 23.075929017051497 27.426458028699184
    open 28 76 83.5221357711508 19.979211696160665 63.54292407499014
    open 27 43 104.778541670315 53.31585130146588 51.46269036884912
new current node 27 41 50.50238704575068 23.075929017051497 27.426458028699184
    open 29 32 160.99763305459487 33.19673477919176 127.8008982754031
    open 29 44 145.90167027411584 22.49329900214745 123.4083712719684
    open 30 50 115.52503428331552 15.082019095598463 100.44301518771705
    open 28 13 94.05644256510276 24.896636318988964 69.15980624611379
    open 28 31 85.02261658129699 29.139011651049422 55.883604930247564
    open 28 76 83.5221357711508 19.979211696160665 63.54292407499014
    open 27 43 104.778541670315 53.31585130146588 51.46269036884912
    open 41 39 94.46351993713881 33.551776406026555 60.91174353111226
    open 41 40 90.30243304428357 32.59475417916199 57.707678865121586
new current node 28 76 83.5221357711508 19.979211696160665 63.54292407499014
scanned from open 28 13 94.05644256510276 24.896636318988964 69.15980624611379
opennode.g > child.g
scanned after 76 13 75.37453069696453 6.214724450850737 69.15980624611379
    open 29 32 160.99763305459487 33.19673477919176 127.8008982754031
    open 29 44 145.90167027411584 22.49329900214745 123.4083712719684
    open 30 50 115.52503428331552 15.082019095598463 100.44301518771705
    open 76 13 75.37453069696453 6.214724450850737 69.15980624611379
    open 28 31 85.02261658129699 29.139011651049422 55.883604930247564
    open 27 43 104.778541670315 53.31585130146588 51.46269036884912
    open 41 39 94.46351993713881 33.551776406026555 60.91174353111226
    open 41 40 90.30243304428357 32.59475417916199 57.707678865121586
    open 76 75 64.48641834318137 6.30349902831725 58.18291931486412
new current node 76 75 64.48641834318137 6.30349902831725 58.18291931486412
    open 29 32 160.99763305459487 33.19673477919176 127.8008982754031
    open 29 44 145.90167027411584 22.49329900214745 123.4083712719684
    open 30 50 115.52503428331552 15.082019095598463 100.44301518771705
    open 76 13 75.37453069696453 6.214724450850737 69.15980624611379
    open 28 31 85.02261658129699 29.139011651049422 55.883604930247564
    open 27 43 104.778541670315 53.31585130146588 51.46269036884912
    open 41 39 94.46351993713881 33.551776406026555 60.91174353111226
    open 41 40 90.30243304428357 32.59475417916199 57.707678865121586
new current node 76 13 75.37453069696453 6.214724450850737 69.15980624611379
    open 29 32 160.99763305459487 33.19673477919176 127.8008982754031
    open 29 44 145.90167027411584 22.49329900214745 123.4083712719684
    open 30 50 115.52503428331552 15.082019095598463 100.44301518771705
    open 28 31 85.02261658129699 29.139011651049422 55.883604930247564
    open 27 43 104.778541670315 53.31585130146588 51.46269036884912
    open 41 39 94.46351993713881 33.551776406026555 60.91174353111226
    open 41 40 90.30243304428357 32.59475417916199 57.707678865121586
    open 13 14 114.37729053073218 23.897351317666917 90.47993921306526
new current node 28 31 85.02261658129699 29.139011651049422 55.883604930247564
    open 29 32 160.99763305459487 33.19673477919176 127.8008982754031
    open 29 44 145.90167027411584 22.49329900214745 123.4083712719684
    open 30 50 115.52503428331552 15.082019095598463 100.44301518771705
    open 27 43 104.778541670315 53.31585130146588 51.46269036884912
    open 41 39 94.46351993713881 33.551776406026555 60.91174353111226
    open 41 40 90.30243304428357 32.59475417916199 57.707678865121586
    open 13 14 114.37729053073218 23.897351317666917 90.47993921306526
new current node 41 40 90.30243304428357 32.59475417916199 57.707678865121586
scanned from open 41 39 94.46351993713881 33.551776406026555 60.91174353111226
opennode.g > child.g
scanned after 40 39 76.1924143279064 15.280670796794144 60.91174353111226
    open 29 32 160.99763305459487 33.19673477919176 127.8008982754031
    open 29 44 145.90167027411584 22.49329900214745 123.4083712719684
    open 30 50 115.52503428331552 15.082019095598463 100.44301518771705
    open 27 43 104.778541670315 53.31585130146588 51.46269036884912
    open 40 39 76.1924143279064 15.280670796794144 60.91174353111226
    open 13 14 114.37729053073218 23.897351317666917 90.47993921306526
    open 40 42 110.36653169740032 42.07228303764851 68.2942486597518
new current node 40 39 76.1924143279064 15.280670796794144 60.91174353111226
    open 29 32 160.99763305459487 33.19673477919176 127.8008982754031
    open 29 44 145.90167027411584 22.49329900214745 123.4083712719684
    open 30 50 115.52503428331552 15.082019095598463 100.44301518771705
    open 27 43 104.778541670315 53.31585130146588 51.46269036884912
    open 13 14 114.37729053073218 23.897351317666917 90.47993921306526
    open 40 42 110.36653169740032 42.07228303764851 68.2942486597518
    open 39 10 358.98129485953234 164.42430629319998 194.5569885663324
    open 39 38 129.23083778157445 34.349854439284016 94.88098334229042
new current node 27 43 104.778541670315 53.31585130146588 51.46269036884912
scanned from open 40 42 110.36653169740032 42.07228303764851 68.2942486597518
opennode.g > child.g
scanned after 43 42 87.80594002672444 19.51169136697264 68.2942486597518
    open 29 32 160.99763305459487 33.19673477919176 127.8008982754031
    open 29 44 145.90167027411584 22.49329900214745 123.4083712719684
    open 30 50 115.52503428331552 15.082019095598463 100.44301518771705
    open 13 14 114.37729053073218 23.897351317666917 90.47993921306526
    open 43 42 87.80594002672444 19.51169136697264 68.2942486597518
    open 39 10 358.98129485953234 164.42430629319998 194.5569885663324
    open 39 38 129.23083778157445 34.349854439284016 94.88098334229042
new current node 43 42 87.80594002672444 19.51169136697264 68.2942486597518
    open 29 32 160.99763305459487 33.19673477919176 127.8008982754031
    open 29 44 145.90167027411584 22.49329900214745 123.4083712719684
    open 30 50 115.52503428331552 15.082019095598463 100.44301518771705
    open 13 14 114.37729053073218 23.897351317666917 90.47993921306526
    open 39 10 358.98129485953234 164.42430629319998 194.5569885663324
    open 39 38 129.23083778157445 34.349854439284016 94.88098334229042
    open 42 51 143.12245186171504 37.49496632882893 105.6274855328861
new current node 13 14 114.37729053073218 23.897351317666917 90.47993921306526
    open 29 32 160.99763305459487 33.19673477919176 127.8008982754031
    open 29 44 145.90167027411584 22.49329900214745 123.4083712719684
    open 30 50 115.52503428331552 15.082019095598463 100.44301518771705
    open 39 10 358.98129485953234 164.42430629319998 194.5569885663324
    open 39 38 129.23083778157445 34.349854439284016 94.88098334229042
    open 42 51 143.12245186171504 37.49496632882893 105.6274855328861
    open 14 21 249.35255092198184 122.12522917071641 127.22732175126545
    open 14 49 177.06904917485716 55.775375390937405 121.29367378391974
new current node 30 50 115.52503428331552 15.082019095598463 100.44301518771705
scanned from open 14 49 177.06904917485716 55.775375390937405 121.29367378391974
opennode.g > child.g
scanned after 50 49 164.39452760376878 43.10085381984905 121.29367378391974
    open 29 32 160.99763305459487 33.19673477919176 127.8008982754031
    open 29 44 145.90167027411584 22.49329900214745 123.4083712719684
    open 39 10 358.98129485953234 164.42430629319998 194.5569885663324
    open 39 38 129.23083778157445 34.349854439284016 94.88098334229042
    open 42 51 143.12245186171504 37.49496632882893 105.6274855328861
    open 14 21 249.35255092198184 122.12522917071641 127.22732175126545
    open 50 49 164.39452760376878 43.10085381984905 121.29367378391974
new current node 39 38 129.23083778157445 34.349854439284016 94.88098334229042
    open 29 32 160.99763305459487 33.19673477919176 127.8008982754031
    open 29 44 145.90167027411584 22.49329900214745 123.4083712719684
    open 39 10 358.98129485953234 164.42430629319998 194.5569885663324
    open 42 51 143.12245186171504 37.49496632882893 105.6274855328861
    open 14 21 249.35255092198184 122.12522917071641 127.22732175126545
    open 50 49 164.39452760376878 43.10085381984905 121.29367378391974
    open 38 37 216.9920227665598 61.0726035141781 155.91941925238172
new current node 42 51 143.12245186171504 37.49496632882893 105.6274855328861
    open 29 32 160.99763305459487 33.19673477919176 127.8008982754031
    open 29 44 145.90167027411584 22.49329900214745 123.4083712719684
    open 39 10 358.98129485953234 164.42430629319998 194.5569885663324
    open 14 21 249.35255092198184 122.12522917071641 127.22732175126545
    open 50 49 164.39452760376878 43.10085381984905 121.29367378391974
    open 38 37 216.9920227665598 61.0726035141781 155.91941925238172
    open 51 52 181.97018338101066 39.968087269720556 142.0020961112901
new current node 29 44 145.90167027411584 22.49329900214745 123.4083712719684
    open 29 32 160.99763305459487 33.19673477919176 127.8008982754031
    open 39 10 358.98129485953234 164.42430629319998 194.5569885663324
    open 14 21 249.35255092198184 122.12522917071641 127.22732175126545
    open 50 49 164.39452760376878 43.10085381984905 121.29367378391974
    open 38 37 216.9920227665598 61.0726035141781 155.91941925238172
    open 51 52 181.97018338101066 39.968087269720556 142.0020961112901
    open 44 45 195.9473837724511 36.42039263928913 159.52699113316197
new current node 29 32 160.99763305459487 33.19673477919176 127.8008982754031
    open 39 10 358.98129485953234 164.42430629319998 194.5569885663324
    open 14 21 249.35255092198184 122.12522917071641 127.22732175126545
    open 50 49 164.39452760376878 43.10085381984905 121.29367378391974
    open 38 37 216.9920227665598 61.0726035141781 155.91941925238172
    open 51 52 181.97018338101066 39.968087269720556 142.0020961112901
    open 44 45 195.9473837724511 36.42039263928913 159.52699113316197
    open 32 33 249.5075038090472 62.99900078572678 186.5085030233204
new current node 50 49 164.39452760376878 43.10085381984905 121.29367378391974
    open 39 10 358.98129485953234 164.42430629319998 194.5569885663324
    open 14 21 249.35255092198184 122.12522917071641 127.22732175126545
    open 38 37 216.9920227665598 61.0726035141781 155.91941925238172
    open 51 52 181.97018338101066 39.968087269720556 142.0020961112901
    open 44 45 195.9473837724511 36.42039263928913 159.52699113316197
    open 32 33 249.5075038090472 62.99900078572678 186.5085030233204
    open 49 23 161.88494576277728 22.68838689726532 139.19655886551195
new current node 49 23 161.88494576277728 22.68838689726532 139.19655886551195
    open 39 10 358.98129485953234 164.42430629319998 194.5569885663324
    open 14 21 249.35255092198184 122.12522917071641 127.22732175126545
    open 38 37 216.9920227665598 61.0726035141781 155.91941925238172
    open 51 52 181.97018338101066 39.968087269720556 142.0020961112901
    open 44 45 195.9473837724511 36.42039263928913 159.52699113316197
    open 32 33 249.5075038090472 62.99900078572678 186.5085030233204
    open 23 48 194.24791845751 30.217566083323096 164.0303523741869
new current node 51 52 181.97018338101066 39.968087269720556 142.0020961112901
    open 39 10 358.98129485953234 164.42430629319998 194.5569885663324
    open 14 21 249.35255092198184 122.12522917071641 127.22732175126545
    open 38 37 216.9920227665598 61.0726035141781 155.91941925238172
    open 44 45 195.9473837724511 36.42039263928913 159.52699113316197
    open 32 33 249.5075038090472 62.99900078572678 186.5085030233204
    open 23 48 194.24791845751 30.217566083323096 164.0303523741869
    open 52 11 362.84522342750574 111.91432437360277 250.930899053903
    open 52 74 209.22579901726016 34.8080450470864 174.41775397017375
new current node 23 48 194.24791845751 30.217566083323096 164.0303523741869
    open 39 10 358.98129485953234 164.42430629319998 194.5569885663324
    open 14 21 249.35255092198184 122.12522917071641 127.22732175126545
    open 38 37 216.9920227665598 61.0726035141781 155.91941925238172
    open 44 45 195.9473837724511 36.42039263928913 159.52699113316197
    open 32 33 249.5075038090472 62.99900078572678 186.5085030233204
    open 52 11 362.84522342750574 111.91432437360277 250.930899053903
    open 52 74 209.22579901726016 34.8080450470864 174.41775397017375
    open 48 47 169.09099663196636 7.084137209286703 162.00685942267967
new current node 48 47 169.09099663196636 7.084137209286703 162.00685942267967
    open 39 10 358.98129485953234 164.42430629319998 194.5569885663324
    open 14 21 249.35255092198184 122.12522917071641 127.22732175126545
    open 38 37 216.9920227665598 61.0726035141781 155.91941925238172
    open 44 45 195.9473837724511 36.42039263928913 159.52699113316197
    open 32 33 249.5075038090472 62.99900078572678 186.5085030233204
    open 52 11 362.84522342750574 111.91432437360277 250.930899053903
    open 52 74 209.22579901726016 34.8080450470864 174.41775397017375
    open 47 46 187.80174762096613 22.148185027220652 165.65356259374548
new current node 47 46 187.80174762096613 22.148185027220652 165.65356259374548
scanned from open 44 45 195.9473837724511 36.42039263928913 159.52699113316197
opennode.g > child.g
scanned after 46 45 176.53135821929607 17.004367086134096 159.52699113316197
    open 39 10 358.98129485953234 164.42430629319998 194.5569885663324
    open 14 21 249.35255092198184 122.12522917071641 127.22732175126545
    open 38 37 216.9920227665598 61.0726035141781 155.91941925238172
    open 46 45 176.53135821929607 17.004367086134096 159.52699113316197
    open 32 33 249.5075038090472 62.99900078572678 186.5085030233204
    open 52 11 362.84522342750574 111.91432437360277 250.930899053903
    open 52 74 209.22579901726016 34.8080450470864 174.41775397017375
new current node 46 45 176.53135821929607 17.004367086134096 159.52699113316197
    open 39 10 358.98129485953234 164.42430629319998 194.5569885663324
    open 14 21 249.35255092198184 122.12522917071641 127.22732175126545
    open 38 37 216.9920227665598 61.0726035141781 155.91941925238172
    open 32 33 249.5075038090472 62.99900078572678 186.5085030233204
    open 52 11 362.84522342750574 111.91432437360277 250.930899053903
    open 52 74 209.22579901726016 34.8080450470864 174.41775397017375
    open 45 73 179.79834897772486 21.89617546513549 157.90217351258937
new current node 45 73 179.79834897772486 21.89617546513549 157.90217351258937
scanned from open 32 33 249.5075038090472 62.99900078572678 186.5085030233204
    open 39 10 358.98129485953234 164.42430629319998 194.5569885663324
    open 14 21 249.35255092198184 122.12522917071641 127.22732175126545
    open 38 37 216.9920227665598 61.0726035141781 155.91941925238172
    open 32 33 249.5075038090472 62.99900078572678 186.5085030233204
    open 52 11 362.84522342750574 111.91432437360277 250.930899053903
    open 52 74 209.22579901726016 34.8080450470864 174.41775397017375
new current node 52 74 209.22579901726016 34.8080450470864 174.41775397017375
scanned from open 52 11 362.84522342750574 111.91432437360277 250.930899053903
opennode.g > child.g
scanned after 74 11 328.3207175056864 77.3898184517834 250.930899053903
    open 39 10 358.98129485953234 164.42430629319998 194.5569885663324
    open 14 21 249.35255092198184 122.12522917071641 127.22732175126545
    open 38 37 216.9920227665598 61.0726035141781 155.91941925238172
    open 32 33 249.5075038090472 62.99900078572678 186.5085030233204
    open 74 11 328.3207175056864 77.3898184517834 250.930899053903
    open 74 68 204.6412194202617 45.357400719176944 159.28381870108475
    open 74 69 278.8660170782392 68.79486318032764 210.0711538979116
new current node 74 68 204.6412194202617 45.357400719176944 159.28381870108475
scanned from open 38 37 216.9920227665598 61.0726035141781 155.91941925238172
scanned from open 74 69 278.8660170782392 68.79486318032764 210.0711538979116
    open 39 10 358.98129485953234 164.42430629319998 194.5569885663324
    open 14 21 249.35255092198184 122.12522917071641 127.22732175126545
    open 38 37 216.9920227665598 61.0726035141781 155.91941925238172
    open 32 33 249.5075038090472 62.99900078572678 186.5085030233204
    open 74 11 328.3207175056864 77.3898184517834 250.930899053903
    open 74 69 278.8660170782392 68.79486318032764 210.0711538979116
new current node 38 37 216.9920227665598 61.0726035141781 155.91941925238172
    open 39 10 358.98129485953234 164.42430629319998 194.5569885663324
    open 14 21 249.35255092198184 122.12522917071641 127.22732175126545
    open 32 33 249.5075038090472 62.99900078572678 186.5085030233204
    open 74 11 328.3207175056864 77.3898184517834 250.930899053903
    open 74 69 278.8660170782392 68.79486318032764 210.0711538979116
    open 37 36 216.4436707124798 35.68966937364361 180.75400133883616
new current node 37 36 216.4436707124798 35.68966937364361 180.75400133883616
scanned from open 74 11 328.3207175056864 77.3898184517834 250.930899053903
    open 39 10 358.98129485953234 164.42430629319998 194.5569885663324
    open 14 21 249.35255092198184 122.12522917071641 127.22732175126545
    open 32 33 249.5075038090472 62.99900078572678 186.5085030233204
    open 74 11 328.3207175056864 77.3898184517834 250.930899053903
    open 74 69 278.8660170782392 68.79486318032764 210.0711538979116
    open 36 35 373.8438554878057 137.43435123723637 236.4095042505693
new current node 14 21 249.35255092198184 122.12522917071641 127.22732175126545
    open 39 10 358.98129485953234 164.42430629319998 194.5569885663324
    open 32 33 249.5075038090472 62.99900078572678 186.5085030233204
    open 74 11 328.3207175056864 77.3898184517834 250.930899053903
    open 74 69 278.8660170782392 68.79486318032764 210.0711538979116
    open 36 35 373.8438554878057 137.43435123723637 236.4095042505693
    open 21 15 217.6825061893333 52.543163208927666 165.13934298040564
new current node 21 15 217.6825061893333 52.543163208927666 165.13934298040564
    open 39 10 358.98129485953234 164.42430629319998 194.5569885663324
    open 32 33 249.5075038090472 62.99900078572678 186.5085030233204
    open 74 11 328.3207175056864 77.3898184517834 250.930899053903
    open 74 69 278.8660170782392 68.79486318032764 210.0711538979116
    open 36 35 373.8438554878057 137.43435123723637 236.4095042505693
    open 15 16 252.1280739706504 47.62777445986727 204.50029951078315
new current node 32 33 249.5075038090472 62.99900078572678 186.5085030233204
scanned from open 39 10 358.98129485953234 164.42430629319998 194.5569885663324
opennode.g > child.g
scanned after 33 10 206.24637263907118 11.689384072738795 194.5569885663324
    open 33 10 206.24637263907118 11.689384072738795 194.5569885663324
    open 74 11 328.3207175056864 77.3898184517834 250.930899053903
    open 74 69 278.8660170782392 68.79486318032764 210.0711538979116
    open 36 35 373.8438554878057 137.43435123723637 236.4095042505693
    open 15 16 252.1280739706504 47.62777445986727 204.50029951078315
new current node 33 10 206.24637263907118 11.689384072738795 194.5569885663324
    open 74 11 328.3207175056864 77.3898184517834 250.930899053903
    open 74 69 278.8660170782392 68.79486318032764 210.0711538979116
    open 36 35 373.8438554878057 137.43435123723637 236.4095042505693
    open 15 16 252.1280739706504 47.62777445986727 204.50029951078315
    open 10 34 232.81582027137154 22.18738605604546 210.62843421532608
new current node 10 34 232.81582027137154 22.18738605604546 210.62843421532608
scanned from open 36 35 373.8438554878057 137.43435123723637 236.4095042505693
opennode.g > child.g
scanned after 34 35 272.81655027190965 36.40704602134035 236.4095042505693
    open 74 11 328.3207175056864 77.3898184517834 250.930899053903
    open 74 69 278.8660170782392 68.79486318032764 210.0711538979116
    open 34 35 272.81655027190965 36.40704602134035 236.4095042505693
    open 15 16 252.1280739706504 47.62777445986727 204.50029951078315
new current node 15 16 252.1280739706504 47.62777445986727 204.50029951078315
    open 74 11 328.3207175056864 77.3898184517834 250.930899053903
    open 74 69 278.8660170782392 68.79486318032764 210.0711538979116
    open 34 35 272.81655027190965 36.40704602134035 236.4095042505693
    open 16 22 368.78137762172963 127.62203610662245 241.15934151510717
    open 16 26 426.8461731615804 125.58256765968765 301.26360550189276
new current node 34 35 272.81655027190965 36.40704602134035 236.4095042505693
    open 74 11 328.3207175056864 77.3898184517834 250.930899053903
    open 74 69 278.8660170782392 68.79486318032764 210.0711538979116
    open 16 22 368.78137762172963 127.62203610662245 241.15934151510717
    open 16 26 426.8461731615804 125.58256765968765 301.26360550189276
new current node 74 69 278.8660170782392 68.79486318032764 210.0711538979116
    open 74 11 328.3207175056864 77.3898184517834 250.930899053903
    open 16 22 368.78137762172963 127.62203610662245 241.15934151510717
    open 16 26 426.8461731615804 125.58256765968765 301.26360550189276
    open 69 70 285.82284718965496 49.061562347727985 236.76128484192697
new current node 69 70 285.82284718965496 49.061562347727985 236.76128484192697
    open 74 11 328.3207175056864 77.3898184517834 250.930899053903
    open 16 22 368.78137762172963 127.62203610662245 241.15934151510717
    open 16 26 426.8461731615804 125.58256765968765 301.26360550189276
    open 70 71 280.10687957190993 32.93660122113393 247.170278350776
new current node 70 71 280.10687957190993 32.93660122113393 247.170278350776
    open 74 11 328.3207175056864 77.3898184517834 250.930899053903
    open 16 22 368.78137762172963 127.62203610662245 241.15934151510717
    open 16 26 426.8461731615804 125.58256765968765 301.26360550189276
    open 71 18 283.88024354321647 35.28195714526054 248.59828639795595
new current node 71 18 283.88024354321647 35.28195714526054 248.59828639795595
scanned from open 16 22 368.78137762172963 127.62203610662245 241.15934151510717
opennode.g > child.g
scanned after 18 22 289.9125157707389 48.753174255631734 241.15934151510717
    open 74 11 328.3207175056864 77.3898184517834 250.930899053903
    open 18 22 289.9125157707389 48.753174255631734 241.15934151510717
    open 16 26 426.8461731615804 125.58256765968765 301.26360550189276
new current node 18 22 289.9125157707389 48.753174255631734 241.15934151510717
    open 74 11 328.3207175056864 77.3898184517834 250.930899053903
    open 16 26 426.8461731615804 125.58256765968765 301.26360550189276
new current node 74 11 328.3207175056864 77.3898184517834 250.930899053903
    open 16 26 426.8461731615804 125.58256765968765 301.26360550189276
    open 11 12 365.5017284518407 72.21732825298918 293.2844001988515
new current node 11 12 365.5017284518407 72.21732825298918 293.2844001988515
    open 16 26 426.8461731615804 125.58256765968765 301.26360550189276
    open 12 17 406.4304864806145 80.24020750222425 326.1902789783902
    open 12 53 307.0884481969292 6.907655173791011 300.1807930231382
new current node 12 53 307.0884481969292 6.907655173791011 300.1807930231382
    open 16 26 426.8461731615804 125.58256765968765 301.26360550189276
    open 12 17 406.4304864806145 80.24020750222425 326.1902789783902
    open 53 54 376.4350957709102 38.22363928251726 338.21145648839297
new current node 53 54 376.4350957709102 38.22363928251726 338.21145648839297
    open 16 26 426.8461731615804 125.58256765968765 301.26360550189276
    open 12 17 406.4304864806145 80.24020750222425 326.1902789783902
    open 54 55 444.1690924912523 57.264904610066246 386.90418788118603
new current node 12 17 406.4304864806145 80.24020750222425 326.1902789783902
    open 16 26 426.8461731615804 125.58256765968765 301.26360550189276
    open 54 55 444.1690924912523 57.264904610066246 386.90418788118603
    open 17 20 375.36722659698336 39.85112921863077 335.5160973783526
new current node 17 20 375.36722659698336 39.85112921863077 335.5160973783526
    open 16 26 426.8461731615804 125.58256765968765 301.26360550189276
    open 54 55 444.1690924912523 57.264904610066246 386.90418788118603
    open 20 19 468.52383986571795 137.15247719235688 331.37136267336103
new current node 16 26 426.8461731615804 125.58256765968765 301.26360550189276
    open 54 55 444.1690924912523 57.264904610066246 386.90418788118603
    open 20 19 468.52383986571795 137.15247719235688 331.37136267336103
    open 26 24 345.8518128420955 31.429560925981782 314.42225191611374
    open 26 67 358.1585838735227 31.20477046863193 326.95381340489075
new current node 26 24 345.8518128420955 31.429560925981782 314.42225191611374
scanned from open 20 19 468.52383986571795 137.15247719235688 331.37136267336103
opennode.g > child.g
scanned after 24 19 390.0203942084172 58.649031535056146 331.37136267336103
scanned from open 26 67 358.1585838735227 31.20477046863193 326.95381340489075
opennode.g > child.g
scanned after 24 67 344.06164202222266 17.107828617331904 326.95381340489075
    open 54 55 444.1690924912523 57.264904610066246 386.90418788118603
    open 24 19 390.0203942084172 58.649031535056146 331.37136267336103
    open 24 67 344.06164202222266 17.107828617331904 326.95381340489075
new current node 24 67 344.06164202222266 17.107828617331904 326.95381340489075
    open 54 55 444.1690924912523 57.264904610066246 386.90418788118603
    open 24 19 390.0203942084172 58.649031535056146 331.37136267336103
    open 67 66 427.67685653526746 62.95557322429843 364.72128331096906
new current node 24 19 390.0203942084172 58.649031535056146 331.37136267336103
    open 54 55 444.1690924912523 57.264904610066246 386.90418788118603
    open 67 66 427.67685653526746 62.95557322429843 364.72128331096906
new current node 67 66 427.67685653526746 62.95557322429843 364.72128331096906
    open 54 55 444.1690924912523 57.264904610066246 386.90418788118603
    open 66 65 508.69940186352414 88.14014408883165 420.55925777469247
new current node 54 55 444.1690924912523 57.264904610066246 386.90418788118603
    open 66 65 508.69940186352414 88.14014408883165 420.55925777469247
    open 55 56 499.85551422468603 59.111776322489376 440.74373790219664
new current node 55 56 499.85551422468603 59.111776322489376 440.74373790219664
    open 66 65 508.69940186352414 88.14014408883165 420.55925777469247
    open 56 57 581.284572310251 74.64201497816089 506.6425573320901
new current node 66 65 508.69940186352414 88.14014408883165 420.55925777469247
    open 56 57 581.284572310251 74.64201497816089 506.6425573320901
    open 65 64 552.7352098472861 76.31607956387687 476.4191302834093
new current node 65 64 552.7352098472861 76.31607956387687 476.4191302834093
    open 56 57 581.284572310251 74.64201497816089 506.6425573320901
    open 64 63 547.503593723491 44.9876483048404 502.51594541865063
new current node 64 63 547.503593723491 44.9876483048404 502.51594541865063
    open 56 57 581.284572310251 74.64201497816089 506.6425573320901
    open 63 62 556.0627291305528 33.79056081215568 522.2721683183971
new current node 63 62 556.0627291305528 33.79056081215568 522.2721683183971
    open 56 57 581.284572310251 74.64201497816089 506.6425573320901
    open 62 61 576.4133065179054 28.42113650085104 547.9921700170544
new current node 62 61 576.4133065179054 28.42113650085104 547.9921700170544
    open 56 57 581.284572310251 74.64201497816089 506.6425573320901
    open 61 60 571.6110106708514 14.564700477524452 557.046310193327
new current node 61 60 571.6110106708514 14.564700477524452 557.046310193327
    open 56 57 581.284572310251 74.64201497816089 506.6425573320901
    open 60 59 573.0633409526137 17.325414857947866 555.7379260946658
new current node 60 59 573.0633409526137 17.325414857947866 555.7379260946658
    open 56 57 581.284572310251 74.64201497816089 506.6425573320901
    open 59 58 584.6469240362226 52.11391848633146 532.5330055498911
new current node 56 57 581.284572310251 74.64201497816089 506.6425573320901
scanned from open 59 58 584.6469240362226 52.11391848633146 532.5330055498911
opennode.g > child.g
scanned after 57 58 569.406704848985 36.873699299093936 532.5330055498911
    open 57 58 569.406704848985 36.873699299093936 532.5330055498911
new current node 57 58 569.406704848985 36.873699299093936 532.5330055498911
    open None 30 0 0 0
new current node None 30 0 0 0
    open 30 28 92.4173858813564 32.90228107593778 59.515104805418616
    open 30 29 153.70578236285314 42.707331923218874 110.99845043963428
    open 30 50 115.52503428331552 15.082019095598463 100.44301518771705
new current node 30 28 92.4173858813564 32.90228107593778 59.515104805418616
    open 30 29 153.70578236285314 42.707331923218874 110.99845043963428
    open 30 50 115.52503428331552 15.082019095598463 100.44301518771705
    open 28 13 94.05644256510276 24.896636318988964 69.15980624611379
    open 28 27 63.904192611540786 57.82102731705813 6.083165294482655
    open 28 31 85.02261658129699 29.139011651049422 55.883604930247564
    open 28 41 101.23861217691501 73.81215414821582 27.426458028699184
    open 28 76 83.5221357711508 19.979211696160665 63.54292407499014
new current node 28 27 63.904192611540786 57.82102731705813 6.083165294482655
scanned from open 28 41 101.23861217691501 73.81215414821582 27.426458028699184
opennode.g > child.g
scanned after 27 41 50.50238704575068 23.075929017051497 27.426458028699184
    open 30 29 153.70578236285314 42.707331923218874 110.99845043963428
    open 30 50 115.52503428331552 15.082019095598463 100.44301518771705
    open 28 13 94.05644256510276 24.896636318988964 69.15980624611379
    open 28 31 85.02261658129699 29.139011651049422 55.883604930247564
    open 27 41 50.50238704575068 23.075929017051497 27.426458028699184
    open 28 76 83.5221357711508 19.979211696160665 63.54292407499014
    open 27 43 104.778541670315 53.31585130146588 51.46269036884912
new current node 27 41 50.50238704575068 23.075929017051497 27.426458028699184
    open 30 29 153.70578236285314 42.707331923218874 110.99845043963428
    open 30 50 115.52503428331552 15.082019095598463 100.44301518771705
    open 28 13 94.05644256510276 24.896636318988964 69.15980624611379
    open 28 31 85.02261658129699 29.139011651049422 55.883604930247564
    open 28 76 83.5221357711508 19.979211696160665 63.54292407499014
    open 27 43 104.778541670315 53.31585130146588 51.46269036884912
    open 41 39 94.46351993713881 33.551776406026555 60.91174353111226
    open 41 40 90.30243304428357 32.59475417916199 57.707678865121586
new current node 28 76 83.5221357711508 19.979211696160665 63.54292407499014
scanned from open 28 13 94.05644256510276 24.896636318988964 69.15980624611379
opennode.g > child.g
scanned after 76 13 75.37453069696453 6.214724450850737 69.15980624611379
    open 30 29 153.70578236285314 42.707331923218874 110.99845043963428
    open 30 50 115.52503428331552 15.082019095598463 100.44301518771705
    open 76 13 75.37453069696453 6.214724450850737 69.15980624611379
    open 28 31 85.02261658129699 29.139011651049422 55.883604930247564
    open 27 43 104.778541670315 53.31585130146588 51.46269036884912
    open 41 39 94.46351993713881 33.551776406026555 60.91174353111226
    open 41 40 90.30243304428357 32.59475417916199 57.707678865121586
    open 76 75 64.48641834318137 6.30349902831725 58.18291931486412
new current node 76 75 64.48641834318137 6.30349902831725 58.18291931486412
    open 30 29 153.70578236285314 42.707331923218874 110.99845043963428
    open 30 50 115.52503428331552 15.082019095598463 100.44301518771705
    open 76 13 75.37453069696453 6.214724450850737 69.15980624611379
    open 28 31 85.02261658129699 29.139011651049422 55.883604930247564
    open 27 43 104.778541670315 53.31585130146588 51.46269036884912
    open 41 39 94.46351993713881 33.551776406026555 60.91174353111226
    open 41 40 90.30243304428357 32.59475417916199 57.707678865121586
new current node 76 13 75.37453069696453 6.214724450850737 69.15980624611379
    open 30 29 153.70578236285314 42.707331923218874 110.99845043963428
    open 30 50 115.52503428331552 15.082019095598463 100.44301518771705
    open 28 31 85.02261658129699 29.139011651049422 55.883604930247564
    open 27 43 104.778541670315 53.31585130146588 51.46269036884912
    open 41 39 94.46351993713881 33.551776406026555 60.91174353111226
    open 41 40 90.30243304428357 32.59475417916199 57.707678865121586
    open 13 14 114.37729053073218 23.897351317666917 90.47993921306526
new current node 28 31 85.02261658129699 29.139011651049422 55.883604930247564
    open 30 29 153.70578236285314 42.707331923218874 110.99845043963428
    open 30 50 115.52503428331552 15.082019095598463 100.44301518771705
    open 27 43 104.778541670315 53.31585130146588 51.46269036884912
    open 41 39 94.46351993713881 33.551776406026555 60.91174353111226
    open 41 40 90.30243304428357 32.59475417916199 57.707678865121586
    open 13 14 114.37729053073218 23.897351317666917 90.47993921306526
new current node 41 40 90.30243304428357 32.59475417916199 57.707678865121586
scanned from open 41 39 94.46351993713881 33.551776406026555 60.91174353111226
opennode.g > child.g
scanned after 40 39 76.1924143279064 15.280670796794144 60.91174353111226
    open 30 29 153.70578236285314 42.707331923218874 110.99845043963428
    open 30 50 115.52503428331552 15.082019095598463 100.44301518771705
    open 27 43 104.778541670315 53.31585130146588 51.46269036884912
    open 40 39 76.1924143279064 15.280670796794144 60.91174353111226
    open 13 14 114.37729053073218 23.897351317666917 90.47993921306526
    open 40 42 110.36653169740032 42.07228303764851 68.2942486597518
new current node 40 39 76.1924143279064 15.280670796794144 60.91174353111226
    open 30 29 153.70578236285314 42.707331923218874 110.99845043963428
    open 30 50 115.52503428331552 15.082019095598463 100.44301518771705
    open 27 43 104.778541670315 53.31585130146588 51.46269036884912
    open 13 14 114.37729053073218 23.897351317666917 90.47993921306526
    open 40 42 110.36653169740032 42.07228303764851 68.2942486597518
    open 39 10 358.98129485953234 164.42430629319998 194.5569885663324
    open 39 38 129.23083778157445 34.349854439284016 94.88098334229042
new current node 27 43 104.778541670315 53.31585130146588 51.46269036884912
scanned from open 40 42 110.36653169740032 42.07228303764851 68.2942486597518
opennode.g > child.g
scanned after 43 42 87.80594002672444 19.51169136697264 68.2942486597518
    open 30 29 153.70578236285314 42.707331923218874 110.99845043963428
    open 30 50 115.52503428331552 15.082019095598463 100.44301518771705
    open 13 14 114.37729053073218 23.897351317666917 90.47993921306526
    open 43 42 87.80594002672444 19.51169136697264 68.2942486597518
    open 39 10 358.98129485953234 164.42430629319998 194.5569885663324
    open 39 38 129.23083778157445 34.349854439284016 94.88098334229042
new current node 43 42 87.80594002672444 19.51169136697264 68.2942486597518
    open 30 29 153.70578236285314 42.707331923218874 110.99845043963428
    open 30 50 115.52503428331552 15.082019095598463 100.44301518771705
    open 13 14 114.37729053073218 23.897351317666917 90.47993921306526
    open 39 10 358.98129485953234 164.42430629319998 194.5569885663324
    open 39 38 129.23083778157445 34.349854439284016 94.88098334229042
    open 42 51 143.12245186171504 37.49496632882893 105.6274855328861
new current node 13 14 114.37729053073218 23.897351317666917 90.47993921306526
    open 30 29 153.70578236285314 42.707331923218874 110.99845043963428
    open 30 50 115.52503428331552 15.082019095598463 100.44301518771705
    open 39 10 358.98129485953234 164.42430629319998 194.5569885663324
    open 39 38 129.23083778157445 34.349854439284016 94.88098334229042
    open 42 51 143.12245186171504 37.49496632882893 105.6274855328861
    open 14 21 249.35255092198184 122.12522917071641 127.22732175126545
    open 14 49 177.06904917485716 55.775375390937405 121.29367378391974
new current node 30 50 115.52503428331552 15.082019095598463 100.44301518771705
scanned from open 30 29 153.70578236285314 42.707331923218874 110.99845043963428
opennode.g > child.g
scanned after 50 29 148.69150682937263 37.69305638973835 110.99845043963428
scanned from open 14 49 177.06904917485716 55.775375390937405 121.29367378391974
opennode.g > child.g
scanned after 50 49 164.39452760376878 43.10085381984905 121.29367378391974
    open 50 29 148.69150682937263 37.69305638973835 110.99845043963428
    open 39 10 358.98129485953234 164.42430629319998 194.5569885663324
    open 39 38 129.23083778157445 34.349854439284016 94.88098334229042
    open 42 51 143.12245186171504 37.49496632882893 105.6274855328861
    open 14 21 249.35255092198184 122.12522917071641 127.22732175126545
    open 50 49 164.39452760376878 43.10085381984905 121.29367378391974
new current node 39 38 129.23083778157445 34.349854439284016 94.88098334229042
    open 50 29 148.69150682937263 37.69305638973835 110.99845043963428
    open 39 10 358.98129485953234 164.42430629319998 194.5569885663324
    open 42 51 143.12245186171504 37.49496632882893 105.6274855328861
    open 14 21 249.35255092198184 122.12522917071641 127.22732175126545
    open 50 49 164.39452760376878 43.10085381984905 121.29367378391974
    open 38 37 216.9920227665598 61.0726035141781 155.91941925238172
new current node 42 51 143.12245186171504 37.49496632882893 105.6274855328861
    open 50 29 148.69150682937263 37.69305638973835 110.99845043963428
    open 39 10 358.98129485953234 164.42430629319998 194.5569885663324
    open 14 21 249.35255092198184 122.12522917071641 127.22732175126545
    open 50 49 164.39452760376878 43.10085381984905 121.29367378391974
    open 38 37 216.9920227665598 61.0726035141781 155.91941925238172
    open 51 52 181.97018338101066 39.968087269720556 142.0020961112901
new current node 50 29 148.69150682937263 37.69305638973835 110.99845043963428
    open 39 10 358.98129485953234 164.42430629319998 194.5569885663324
    open 14 21 249.35255092198184 122.12522917071641 127.22732175126545
    open 50 49 164.39452760376878 43.10085381984905 121.29367378391974
    open 38 37 216.9920227665598 61.0726035141781 155.91941925238172
    open 51 52 181.97018338101066 39.968087269720556 142.0020961112901
    open 29 32 160.99763305459487 33.19673477919176 127.8008982754031
    open 29 44 145.90167027411584 22.49329900214745 123.4083712719684
new current node 29 44 145.90167027411584 22.49329900214745 123.4083712719684
    open 39 10 358.98129485953234 164.42430629319998 194.5569885663324
    open 14 21 249.35255092198184 122.12522917071641 127.22732175126545
    open 50 49 164.39452760376878 43.10085381984905 121.29367378391974
    open 38 37 216.9920227665598 61.0726035141781 155.91941925238172
    open 51 52 181.97018338101066 39.968087269720556 142.0020961112901
    open 29 32 160.99763305459487 33.19673477919176 127.8008982754031
    open 44 45 195.9473837724511 36.42039263928913 159.52699113316197
new current node 29 32 160.99763305459487 33.19673477919176 127.8008982754031
    open 39 10 358.98129485953234 164.42430629319998 194.5569885663324
    open 14 21 249.35255092198184 122.12522917071641 127.22732175126545
    open 50 49 164.39452760376878 43.10085381984905 121.29367378391974
    open 38 37 216.9920227665598 61.0726035141781 155.91941925238172
    open 51 52 181.97018338101066 39.968087269720556 142.0020961112901
    open 44 45 195.9473837724511 36.42039263928913 159.52699113316197
    open 32 33 249.5075038090472 62.99900078572678 186.5085030233204
new current node 50 49 164.39452760376878 43.10085381984905 121.29367378391974
    open 39 10 358.98129485953234 164.42430629319998 194.5569885663324
    open 14 21 249.35255092198184 122.12522917071641 127.22732175126545
    open 38 37 216.9920227665598 61.0726035141781 155.91941925238172
    open 51 52 181.97018338101066 39.968087269720556 142.0020961112901
    open 44 45 195.9473837724511 36.42039263928913 159.52699113316197
    open 32 33 249.5075038090472 62.99900078572678 186.5085030233204
    open 49 23 161.88494576277728 22.68838689726532 139.19655886551195
new current node 49 23 161.88494576277728 22.68838689726532 139.19655886551195
    open 39 10 358.98129485953234 164.42430629319998 194.5569885663324
    open 14 21 249.35255092198184 122.12522917071641 127.22732175126545
    open 38 37 216.9920227665598 61.0726035141781 155.91941925238172
    open 51 52 181.97018338101066 39.968087269720556 142.0020961112901
    open 44 45 195.9473837724511 36.42039263928913 159.52699113316197
    open 32 33 249.5075038090472 62.99900078572678 186.5085030233204
    open 23 48 194.24791845751 30.217566083323096 164.0303523741869
new current node 51 52 181.97018338101066 39.968087269720556 142.0020961112901
    open 39 10 358.98129485953234 164.42430629319998 194.5569885663324
    open 14 21 249.35255092198184 122.12522917071641 127.22732175126545
    open 38 37 216.9920227665598 61.0726035141781 155.91941925238172
    open 44 45 195.9473837724511 36.42039263928913 159.52699113316197
    open 32 33 249.5075038090472 62.99900078572678 186.5085030233204
    open 23 48 194.24791845751 30.217566083323096 164.0303523741869
    open 52 11 362.84522342750574 111.91432437360277 250.930899053903
    open 52 74 209.22579901726016 34.8080450470864 174.41775397017375
new current node 23 48 194.24791845751 30.217566083323096 164.0303523741869
    open 39 10 358.98129485953234 164.42430629319998 194.5569885663324
    open 14 21 249.35255092198184 122.12522917071641 127.22732175126545
    open 38 37 216.9920227665598 61.0726035141781 155.91941925238172
    open 44 45 195.9473837724511 36.42039263928913 159.52699113316197
    open 32 33 249.5075038090472 62.99900078572678 186.5085030233204
    open 52 11 362.84522342750574 111.91432437360277 250.930899053903
    open 52 74 209.22579901726016 34.8080450470864 174.41775397017375
    open 48 47 169.09099663196636 7.084137209286703 162.00685942267967
new current node 48 47 169.09099663196636 7.084137209286703 162.00685942267967
    open 39 10 358.98129485953234 164.42430629319998 194.5569885663324
    open 14 21 249.35255092198184 122.12522917071641 127.22732175126545
    open 38 37 216.9920227665598 61.0726035141781 155.91941925238172
    open 44 45 195.9473837724511 36.42039263928913 159.52699113316197
    open 32 33 249.5075038090472 62.99900078572678 186.5085030233204
    open 52 11 362.84522342750574 111.91432437360277 250.930899053903
    open 52 74 209.22579901726016 34.8080450470864 174.41775397017375
    open 47 46 187.80174762096613 22.148185027220652 165.65356259374548
new current node 47 46 187.80174762096613 22.148185027220652 165.65356259374548
scanned from open 44 45 195.9473837724511 36.42039263928913 159.52699113316197
opennode.g > child.g
scanned after 46 45 176.53135821929607 17.004367086134096 159.52699113316197
    open 39 10 358.98129485953234 164.42430629319998 194.5569885663324
    open 14 21 249.35255092198184 122.12522917071641 127.22732175126545
    open 38 37 216.9920227665598 61.0726035141781 155.91941925238172
    open 46 45 176.53135821929607 17.004367086134096 159.52699113316197
    open 32 33 249.5075038090472 62.99900078572678 186.5085030233204
    open 52 11 362.84522342750574 111.91432437360277 250.930899053903
    open 52 74 209.22579901726016 34.8080450470864 174.41775397017375
new current node 46 45 176.53135821929607 17.004367086134096 159.52699113316197
    open 39 10 358.98129485953234 164.42430629319998 194.5569885663324
    open 14 21 249.35255092198184 122.12522917071641 127.22732175126545
    open 38 37 216.9920227665598 61.0726035141781 155.91941925238172
    open 32 33 249.5075038090472 62.99900078572678 186.5085030233204
    open 52 11 362.84522342750574 111.91432437360277 250.930899053903
    open 52 74 209.22579901726016 34.8080450470864 174.41775397017375
    open 45 73 179.79834897772486 21.89617546513549 157.90217351258937
new current node 45 73 179.79834897772486 21.89617546513549 157.90217351258937
scanned from open 32 33 249.5075038090472 62.99900078572678 186.5085030233204
    open 39 10 358.98129485953234 164.42430629319998 194.5569885663324
    open 14 21 249.35255092198184 122.12522917071641 127.22732175126545
    open 38 37 216.9920227665598 61.0726035141781 155.91941925238172
    open 32 33 249.5075038090472 62.99900078572678 186.5085030233204
    open 52 11 362.84522342750574 111.91432437360277 250.930899053903
    open 52 74 209.22579901726016 34.8080450470864 174.41775397017375
new current node 52 74 209.22579901726016 34.8080450470864 174.41775397017375
scanned from open 52 11 362.84522342750574 111.91432437360277 250.930899053903
opennode.g > child.g
scanned after 74 11 328.3207175056864 77.3898184517834 250.930899053903
    open 39 10 358.98129485953234 164.42430629319998 194.5569885663324
    open 14 21 249.35255092198184 122.12522917071641 127.22732175126545
    open 38 37 216.9920227665598 61.0726035141781 155.91941925238172
    open 32 33 249.5075038090472 62.99900078572678 186.5085030233204
    open 74 11 328.3207175056864 77.3898184517834 250.930899053903
    open 74 68 204.6412194202617 45.357400719176944 159.28381870108475
    open 74 69 278.8660170782392 68.79486318032764 210.0711538979116
new current node 74 68 204.6412194202617 45.357400719176944 159.28381870108475
scanned from open 38 37 216.9920227665598 61.0726035141781 155.91941925238172
scanned from open 74 69 278.8660170782392 68.79486318032764 210.0711538979116
    open 39 10 358.98129485953234 164.42430629319998 194.5569885663324
    open 14 21 249.35255092198184 122.12522917071641 127.22732175126545
    open 38 37 216.9920227665598 61.0726035141781 155.91941925238172
    open 32 33 249.5075038090472 62.99900078572678 186.5085030233204
    open 74 11 328.3207175056864 77.3898184517834 250.930899053903
    open 74 69 278.8660170782392 68.79486318032764 210.0711538979116
new current node 38 37 216.9920227665598 61.0726035141781 155.91941925238172
    open 39 10 358.98129485953234 164.42430629319998 194.5569885663324
    open 14 21 249.35255092198184 122.12522917071641 127.22732175126545
    open 32 33 249.5075038090472 62.99900078572678 186.5085030233204
    open 74 11 328.3207175056864 77.3898184517834 250.930899053903
    open 74 69 278.8660170782392 68.79486318032764 210.0711538979116
    open 37 36 216.4436707124798 35.68966937364361 180.75400133883616
new current node 37 36 216.4436707124798 35.68966937364361 180.75400133883616
scanned from open 74 11 328.3207175056864 77.3898184517834 250.930899053903
    open 39 10 358.98129485953234 164.42430629319998 194.5569885663324
    open 14 21 249.35255092198184 122.12522917071641 127.22732175126545
    open 32 33 249.5075038090472 62.99900078572678 186.5085030233204
    open 74 11 328.3207175056864 77.3898184517834 250.930899053903
    open 74 69 278.8660170782392 68.79486318032764 210.0711538979116
    open 36 35 373.8438554878057 137.43435123723637 236.4095042505693
new current node 14 21 249.35255092198184 122.12522917071641 127.22732175126545
    open 39 10 358.98129485953234 164.42430629319998 194.5569885663324
    open 32 33 249.5075038090472 62.99900078572678 186.5085030233204
    open 74 11 328.3207175056864 77.3898184517834 250.930899053903
    open 74 69 278.8660170782392 68.79486318032764 210.0711538979116
    open 36 35 373.8438554878057 137.43435123723637 236.4095042505693
    open 21 15 217.6825061893333 52.543163208927666 165.13934298040564
new current node 21 15 217.6825061893333 52.543163208927666 165.13934298040564
    open 39 10 358.98129485953234 164.42430629319998 194.5569885663324
    open 32 33 249.5075038090472 62.99900078572678 186.5085030233204
    open 74 11 328.3207175056864 77.3898184517834 250.930899053903
    open 74 69 278.8660170782392 68.79486318032764 210.0711538979116
    open 36 35 373.8438554878057 137.43435123723637 236.4095042505693
    open 15 16 252.1280739706504 47.62777445986727 204.50029951078315
new current node 32 33 249.5075038090472 62.99900078572678 186.5085030233204
scanned from open 39 10 358.98129485953234 164.42430629319998 194.5569885663324
opennode.g > child.g
scanned after 33 10 206.24637263907118 11.689384072738795 194.5569885663324
    open 33 10 206.24637263907118 11.689384072738795 194.5569885663324
    open 74 11 328.3207175056864 77.3898184517834 250.930899053903
    open 74 69 278.8660170782392 68.79486318032764 210.0711538979116
    open 36 35 373.8438554878057 137.43435123723637 236.4095042505693
    open 15 16 252.1280739706504 47.62777445986727 204.50029951078315
new current node 33 10 206.24637263907118 11.689384072738795 194.5569885663324
    open 74 11 328.3207175056864 77.3898184517834 250.930899053903
    open 74 69 278.8660170782392 68.79486318032764 210.0711538979116
    open 36 35 373.8438554878057 137.43435123723637 236.4095042505693
    open 15 16 252.1280739706504 47.62777445986727 204.50029951078315
    open 10 34 232.81582027137154 22.18738605604546 210.62843421532608
new current node 10 34 232.81582027137154 22.18738605604546 210.62843421532608
scanned from open 36 35 373.8438554878057 137.43435123723637 236.4095042505693
opennode.g > child.g
scanned after 34 35 272.81655027190965 36.40704602134035 236.4095042505693
    open 74 11 328.3207175056864 77.3898184517834 250.930899053903
    open 74 69 278.8660170782392 68.79486318032764 210.0711538979116
    open 34 35 272.81655027190965 36.40704602134035 236.4095042505693
    open 15 16 252.1280739706504 47.62777445986727 204.50029951078315
new current node 15 16 252.1280739706504 47.62777445986727 204.50029951078315
    open 74 11 328.3207175056864 77.3898184517834 250.930899053903
    open 74 69 278.8660170782392 68.79486318032764 210.0711538979116
    open 34 35 272.81655027190965 36.40704602134035 236.4095042505693
    open 16 22 368.78137762172963 127.62203610662245 241.15934151510717
    open 16 26 426.8461731615804 125.58256765968765 301.26360550189276
new current node 34 35 272.81655027190965 36.40704602134035 236.4095042505693
    open 74 11 328.3207175056864 77.3898184517834 250.930899053903
    open 74 69 278.8660170782392 68.79486318032764 210.0711538979116
    open 16 22 368.78137762172963 127.62203610662245 241.15934151510717
    open 16 26 426.8461731615804 125.58256765968765 301.26360550189276
new current node 74 69 278.8660170782392 68.79486318032764 210.0711538979116
    open 74 11 328.3207175056864 77.3898184517834 250.930899053903
    open 16 22 368.78137762172963 127.62203610662245 241.15934151510717
    open 16 26 426.8461731615804 125.58256765968765 301.26360550189276
    open 69 70 285.82284718965496 49.061562347727985 236.76128484192697
new current node 69 70 285.82284718965496 49.061562347727985 236.76128484192697
    open 74 11 328.3207175056864 77.3898184517834 250.930899053903
    open 16 22 368.78137762172963 127.62203610662245 241.15934151510717
    open 16 26 426.8461731615804 125.58256765968765 301.26360550189276
    open 70 71 280.10687957190993 32.93660122113393 247.170278350776
new current node 70 71 280.10687957190993 32.93660122113393 247.170278350776
    open 74 11 328.3207175056864 77.3898184517834 250.930899053903
    open 16 22 368.78137762172963 127.62203610662245 241.15934151510717
    open 16 26 426.8461731615804 125.58256765968765 301.26360550189276
    open 71 18 283.88024354321647 35.28195714526054 248.59828639795595
new current node 71 18 283.88024354321647 35.28195714526054 248.59828639795595
scanned from open 16 22 368.78137762172963 127.62203610662245 241.15934151510717
opennode.g > child.g
scanned after 18 22 289.9125157707389 48.753174255631734 241.15934151510717
    open 74 11 328.3207175056864 77.3898184517834 250.930899053903
    open 18 22 289.9125157707389 48.753174255631734 241.15934151510717
    open 16 26 426.8461731615804 125.58256765968765 301.26360550189276
new current node 18 22 289.9125157707389 48.753174255631734 241.15934151510717
    open 74 11 328.3207175056864 77.3898184517834 250.930899053903
    open 16 26 426.8461731615804 125.58256765968765 301.26360550189276
new current node 74 11 328.3207175056864 77.3898184517834 250.930899053903
    open 16 26 426.8461731615804 125.58256765968765 301.26360550189276
    open 11 12 365.5017284518407 72.21732825298918 293.2844001988515
new current node 11 12 365.5017284518407 72.21732825298918 293.2844001988515
    open 16 26 426.8461731615804 125.58256765968765 301.26360550189276
    open 12 17 406.4304864806145 80.24020750222425 326.1902789783902
    open 12 53 307.0884481969292 6.907655173791011 300.1807930231382
new current node 12 53 307.0884481969292 6.907655173791011 300.1807930231382
    open 16 26 426.8461731615804 125.58256765968765 301.26360550189276
    open 12 17 406.4304864806145 80.24020750222425 326.1902789783902
    open 53 54 376.4350957709102 38.22363928251726 338.21145648839297
new current node 53 54 376.4350957709102 38.22363928251726 338.21145648839297
    open 16 26 426.8461731615804 125.58256765968765 301.26360550189276
    open 12 17 406.4304864806145 80.24020750222425 326.1902789783902
    open 54 55 444.1690924912523 57.264904610066246 386.90418788118603
new current node 12 17 406.4304864806145 80.24020750222425 326.1902789783902
    open 16 26 426.8461731615804 125.58256765968765 301.26360550189276
    open 54 55 444.1690924912523 57.264904610066246 386.90418788118603
    open 17 20 375.36722659698336 39.85112921863077 335.5160973783526
new current node 17 20 375.36722659698336 39.85112921863077 335.5160973783526
    open 16 26 426.8461731615804 125.58256765968765 301.26360550189276
    open 54 55 444.1690924912523 57.264904610066246 386.90418788118603
    open 20 19 468.52383986571795 137.15247719235688 331.37136267336103
new current node 16 26 426.8461731615804 125.58256765968765 301.26360550189276
    open 54 55 444.1690924912523 57.264904610066246 386.90418788118603
    open 20 19 468.52383986571795 137.15247719235688 331.37136267336103
    open 26 24 345.8518128420955 31.429560925981782 314.42225191611374
    open 26 67 358.1585838735227 31.20477046863193 326.95381340489075
new current node 26 24 345.8518128420955 31.429560925981782 314.42225191611374
scanned from open 20 19 468.52383986571795 137.15247719235688 331.37136267336103
opennode.g > child.g
scanned after 24 19 390.0203942084172 58.649031535056146 331.37136267336103
scanned from open 26 67 358.1585838735227 31.20477046863193 326.95381340489075
opennode.g > child.g
scanned after 24 67 344.06164202222266 17.107828617331904 326.95381340489075
    open 54 55 444.1690924912523 57.264904610066246 386.90418788118603
    open 24 19 390.0203942084172 58.649031535056146 331.37136267336103
    open 24 67 344.06164202222266 17.107828617331904 326.95381340489075
new current node 24 67 344.06164202222266 17.107828617331904 326.95381340489075
    open 54 55 444.1690924912523 57.264904610066246 386.90418788118603
    open 24 19 390.0203942084172 58.649031535056146 331.37136267336103
    open 67 66 427.67685653526746 62.95557322429843 364.72128331096906
new current node 24 19 390.0203942084172 58.649031535056146 331.37136267336103
    open 54 55 444.1690924912523 57.264904610066246 386.90418788118603
    open 67 66 427.67685653526746 62.95557322429843 364.72128331096906
new current node 67 66 427.67685653526746 62.95557322429843 364.72128331096906
    open 54 55 444.1690924912523 57.264904610066246 386.90418788118603
    open 66 65 508.69940186352414 88.14014408883165 420.55925777469247
new current node 54 55 444.1690924912523 57.264904610066246 386.90418788118603
    open 66 65 508.69940186352414 88.14014408883165 420.55925777469247
    open 55 56 499.85551422468603 59.111776322489376 440.74373790219664
new current node 55 56 499.85551422468603 59.111776322489376 440.74373790219664
    open 66 65 508.69940186352414 88.14014408883165 420.55925777469247
    open 56 57 581.284572310251 74.64201497816089 506.6425573320901
new current node 66 65 508.69940186352414 88.14014408883165 420.55925777469247
    open 56 57 581.284572310251 74.64201497816089 506.6425573320901
    open 65 64 552.7352098472861 76.31607956387687 476.4191302834093
new current node 65 64 552.7352098472861 76.31607956387687 476.4191302834093
    open 56 57 581.284572310251 74.64201497816089 506.6425573320901
    open 64 63 547.503593723491 44.9876483048404 502.51594541865063
new current node 64 63 547.503593723491 44.9876483048404 502.51594541865063
    open 56 57 581.284572310251 74.64201497816089 506.6425573320901
    open 63 62 556.0627291305528 33.79056081215568 522.2721683183971
new current node 63 62 556.0627291305528 33.79056081215568 522.2721683183971
    open 56 57 581.284572310251 74.64201497816089 506.6425573320901
    open 62 61 576.4133065179054 28.42113650085104 547.9921700170544
new current node 62 61 576.4133065179054 28.42113650085104 547.9921700170544
    open 56 57 581.284572310251 74.64201497816089 506.6425573320901
    open 61 60 571.6110106708514 14.564700477524452 557.046310193327
new current node 61 60 571.6110106708514 14.564700477524452 557.046310193327
    open 56 57 581.284572310251 74.64201497816089 506.6425573320901
    open 60 59 573.0633409526137 17.325414857947866 555.7379260946658
new current node 60 59 573.0633409526137 17.325414857947866 555.7379260946658
    open 56 57 581.284572310251 74.64201497816089 506.6425573320901
    open 59 58 584.6469240362226 52.11391848633146 532.5330055498911
new current node 56 57 581.284572310251 74.64201497816089 506.6425573320901
scanned from open 59 58 584.6469240362226 52.11391848633146 532.5330055498911
opennode.g > child.g
scanned after 57 58 569.406704848985 36.873699299093936 532.5330055498911
    open 57 58 569.406704848985 36.873699299093936 532.5330055498911
new current node 57 58 569.406704848985 36.873699299093936 532.5330055498911
Ada Voltage =  16.5
Odo:   277.3, speed:   40
odometer:   277.3
Stopped
Traceback (most recent call last):
  File "/home/pi/cstarlidar.py", line 701, in <module>
    startwp = route[0]
IndexError: list index out of range
>>> 
